 ant**(-1) ===================================
           6  Dimensional TPSA/DA map 

          1, NO =    3, NV =    8, INA =  653
 *********************************************

    I  COEFFICIENT          ORDER   EXPONENTS
      NO =     3      NV =     8
   1   1.000000000000000       0.000000000000000       1  0  0  0  0  0  0  0
   2  -20.86510452686263      -10.53669029422049       2  0  0  0  0  0  0  0
   2   41.73020905372538      -21.07338058844096       1  1  0  0  0  0  0  0
   2   6.614597082097418      -10.61859661960876       0  2  0  0  0  0  0  0
   2 -0.1629689852129302E-10  0.2298386206253258E-09   1  0  1  0  0  0  0  0
   2 -0.7639924644619742E-10  0.1818743868171329E-09   0  1  1  0  0  0  0  0
   2  -7.010067998784756       8.912313374049987       0  0  2  0  0  0  0  0
   2  0.3147499008601947E-10  0.2243640458032792E-09   1  0  0  1  0  0  0  0
   2 -0.2290349513194510E-10  0.2143159747159747E-09   0  1  0  1  0  0  0  0
   2   14.17977935560577       20.36036467486661       0  0  1  1  0  0  0  0
   2   2.595351490277895       9.848545547896149       0  0  0  2  0  0  0  0
   2   1.462742458011066       510.1424491237635       1  0  0  0  1  0  0  0
   2   1.653453623199971       1.585100455794498       0  1  0  0  1  0  0  0
   2  0.3504765178296815E-09 -0.7935459644797238E-09   0  0  1  0  1  0  0  0
   2 -0.9798263244818032E-11 -0.2061733941979972E-11   0  0  0  1  1  0  0  0
   2  -1.462742458010382       510.1424491237635       1  0  0  0  0  1  0  0
   2  -1.626360656842288      -1.399515827429310       0  1  0  0  0  1  0  0
   2  0.3648535181833382E-09 -0.7816001406824302E-09   0  0  1  0  0  1  0  0
   2  0.9742445771163153E-11  0.1703360561864022E-11   0  0  0  1  0  1  0  0
   2 -0.4014958560518549E-09 -0.2957734161109874E-09   0  1  0  0  0  0  1  0
   2  -365024.6525039711      -35681.88931931237       0  0  1  0  0  0  1  0
   2  -65.11879681180366      -18.79009051984950       0  0  0  1  0  0  1  0
   2   1.239153349324394      -1.709019815614003       0  1  0  0  0  0  0  1
   2  0.1328951492284215E-10  0.1855761252721674E-10   0  0  1  0  0  0  0  1
   2  0.8786930079020521E-12  0.1075953264879080E-10   0  0  0  1  0  0  0  1
   2 -0.1024138991679645      0.6303465444049731E-01   0  0  0  0  2  0  0  0
   2  0.2406756985394125     -0.1282726855381559       0  0  0  0  1  1  0  0
   2 -0.1382976840901549      0.6523592003136633E-01   0  0  0  0  0  2  0  0
   2 -0.1069001253366656E-10  0.1512998274436813E-10   0  0  0  0  1  0  1  0
   2  0.1048110680793201E-10 -0.1517527598856256E-10   0  0  0  0  0  1  1  0
   2   32.20287853431891       6.505585633907041       0  0  0  0  0  0  2  0
   2  0.1341847297203166      0.1965886827881888       0  0  0  0  1  0  0  1
   2 -0.1361123979895852     -0.2280805757848291       0  0  0  0  0  1  0  1
   2  0.3838095771867911E-10  0.2535045387784026E-10   0  0  0  0  0  0  1  1
   3   387.1501908180531       346.6703989794138       3  0  0  0  0  0  0  0
   3  -780.0552604902982     -0.1179729572488048E-06   2  1  0  0  0  0  0  0
   3   387.1501908180916      -346.6703989793917       1  2  0  0  0  0  0  0
   3  0.5073996778293122E-12 -0.7083222897108499E-12   0  3  0  0  0  0  0  0
   3  0.1788522263597478E-08 -0.1274517460366397E-07   2  0  1  0  0  0  0  0
   3  0.2401333427549184E-08  0.4077204463714873E-08   1  1  1  0  0  0  0  0
   3 -0.1354740242134545E-08  0.4571295378688010E-08   0  2  1  0  0  0  0  0
   3   388.9154936747324      -638.3777509634184       1  0  2  0  0  0  0  0
   3  -279.6170560235498       334.4085487128278       0  1  2  0  0  0  0  0
   3 -0.1408716470659379E-08  0.9466211804425973E-09   0  0  3  0  0  0  0  0
   3  0.2281692103667020E-08 -0.3218220594741045E-08   2  0  0  1  0  0  0  0
   3  0.1171033136556257E-08  0.1233624970787776E-07   1  1  0  1  0  0  0  0
   3 -0.4910514066276338E-09  0.2642290510176749E-08   0  2  0  1  0  0  0  0
   3  -99.36273703108787      -60.54802725655890       1  0  1  1  0  0  0  0
   3   239.4242726644447       570.3186859939028       0  1  1  1  0  0  0  0
   3  0.1284701499766826E-08 -0.7964532462832576E-09   0  0  2  1  0  0  0  0
   3   232.1435361364511       785.2625613733730       1  0  0  2  0  0  0  0
   3   33.88661684697968       387.4360330636515       0  1  0  2  0  0  0  0
   3 -0.9067430262652296E-09 -0.2979272740582323E-08   0  0  1  2  0  0  0  0
   3 -0.5003208786233830E-09 -0.8876018241994020E-09   0  0  0  3  0  0  0  0
   3   16121.82027551345      -32121.91935308719       2  0  0  0  1  0  0  0
   3   10819.74550583314       21310.58562852346       1  1  0  0  1  0  0  0
   3  -5375.425286846666      -3343.159237035320       0  2  0  0  1  0  0  0
   3 -0.2628468215820599E-06  0.3734292519839605E-07   1  0  1  0  1  0  0  0
   3 -0.5081390817559397E-07 -0.4713601548020537E-07   0  1  1  0  1  0  0  0
   3  -7708.357887805328      -6087.135762902750       0  0  2  0  1  0  0  0
   3 -0.1147366343666276E-06  0.1566701891930189E-07   1  0  0  1  1  0  0  0
   3  0.4482127636520742E-07  0.7993893591348608E-08   0  1  0  1  1  0  0  0
   3  -10349.41845783856       7169.521054798943       0  0  1  1  1  0  0  0
   3  -1501.490282118916       390.7110169471695       0  0  0  2  1  0  0  0
   3   16127.13174217278      -31786.54234371714       2  0  0  0  0  1  0  0
   3   10677.52314539227       21263.07933712074       1  1  0  0  0  1  0  0
   3  -5456.048485451790      -3402.030858280146       0  2  0  0  0  1  0  0
   3 -0.2630439855226329E-06  0.3585980359126507E-07   1  0  1  0  0  1  0  0
   3 -0.5029360928197883E-07 -0.4626866725503344E-07   0  1  1  0  0  1  0  0
   3  -7791.082782323897      -6106.651138453721       0  0  2  0  0  1  0  0
   3 -0.1141595664634175E-06  0.1649898555261853E-07   1  0  0  1  0  1  0  0
   3  0.4599153949034789E-07  0.8169031445604631E-08   0  1  0  1  0  1  0  0
   3  -10419.00585680074       7312.392236470023       0  0  1  1  0  1  0  0
   3  -1463.543930218817       390.1440156955516       0  0  0  2  0  1  0  0
   3 -0.2079016856171640E-04  0.3439272541380394E-04   2  0  0  0  0  0  1  0
   3  0.3541688752422524E-05  0.3300998337506911E-04   1  1  0  0  0  0  1  0
   3 -0.3306145574817424E-05  0.2170853113527392E-04   0  2  0  0  0  0  1  0
   3   15889984.41754534       9265530.897603203       1  0  1  0  0  0  1  0
   3  -15984956.71024723       6204922.720262803       0  1  1  0  0  0  1  0
   3 -0.1599599429056810E-04 -0.5539901890048861E-04   0  0  2  0  0  0  1  0
   3  -13052439.75094253       9104040.663688304       1  0  0  1  0  0  1  0
   3  -4074310.947019907       8224729.882333110       0  1  0  1  0  0  1  0
   3  0.7201605549018787E-04 -0.8714951299069857E-04   0  0  1  1  0  0  1  0
   3  0.1965785861231148E-04 -0.4697999337294614E-04   0  0  0  2  0  0  1  0
   3  -102.5666058703489      -90.84385921145652       2  0  0  0  0  0  0  1
   3   52.69487351778760      -3.775279987563081       1  1  0  0  0  0  0  1
   3   7.887441094218438      -48.75812952324067       0  2  0  0  0  0  0  1
   3 -0.1452192107654328E-09 -0.1308142613020783E-08   1  0  1  0  0  0  0  1
   3  0.6262229006045257E-09  0.4388207236337533E-09   0  1  1  0  0  0  0  1
   3   39.09779320197976      -8.535855187672603       0  0  2  0  0  0  0  1
   3 -0.1355891928787304E-08 -0.3421493617971802E-09   1  0  0  1  0  0  0  1
   3 -0.5131427513572609E-09 -0.2963165855507258E-10   0  1  0  1  0  0  0  1
   3  -103.7580054099299       24.82475710475659       0  0  1  1  0  0  0  1
   3  -34.59005580895008       53.17548637924252       0  0  0  2  0  0  0  1
   3  -261254.5282607652       1497.886443412434       1  0  0  0  2  0  0  0
   3  -7.813732473420834       8.506344710537730       0  1  0  0  2  0  0  0
   3  0.5489922671450576E-06  0.2426541091247075E-06   0  0  1  0  2  0  0  0
   3 -0.9737998296489272E-11 -0.1815497230640440E-10   0  0  0  1  2  0  0  0
   3  -520485.0302011027      0.5775495518115344E-01   1  0  0  0  1  1  0  0
   3   4.427701959638089      -4.147831425670324       0  1  0  0  1  1  0  0
   3  0.1086742288654824E-05  0.4935219379479592E-06   0  0  1  0  1  1  0  0
   3  0.8992765061871993E-11  0.9118937488015138E-10   0  0  0  1  1  1  0  0
   3  -259241.6799492835      -1486.413835893916       1  0  0  0  0  2  0  0
   3  -8.377755087082523       8.568078584415147       0  1  0  0  0  2  0  0
   3  0.5377948308696826E-06  0.2508231770955869E-06   0  0  1  0  0  2  0  0
   3  0.5803532521932434E-10  0.4706053894537530E-11   0  0  0  1  0  2  0  0
   3  0.2287614895725710E-03  0.2575222667362179E-03   1  0  0  0  1  0  1  0
   3  0.2753244568213829E-05  0.9334085748544502E-06   0  1  0  0  1  0  1  0
   3   24695555.96963786      -251834117.6776626       0  0  1  0  1  0  1  0
   3  -88142.81156777465      -712697.2234826969       0  0  0  1  1  0  1  0
   3  0.2239172236997932E-03  0.2672677324149477E-03   1  0  0  0  0  1  1  0
   3 -0.2687189281680282E-05 -0.9038211117996240E-06   0  1  0  0  0  1  1  0
   3   24540478.21795053      -251849107.7991086       0  0  1  0  0  1  1  0
   3   81914.92940502975       586012.1537258866       0  0  0  1  0  1  1  0
   3  -134516189567.5314      -306.5173062329567       1  0  0  0  0  0  2  0
   3   841.9001794531941      -158.4024884309620       0  1  0  0  0  0  2  0
   3  0.8633478617829427E-09  0.1703754958841847E-08   0  0  1  0  0  0  2  0
   3 -0.2596492323974153E-04  0.8905466077166149E-04   0  0  0  1  0  0  2  0
   3  0.3359394972869126       698.4307071140546       1  0  0  0  1  0  0  1
   3   10.57946816157822       9.412922197189831       0  1  0  0  1  0  0  1
   3 -0.1234000471605918E-07  0.8087230119152228E-08   0  0  1  0  1  0  0  1
   3 -0.3923277921033508E-10 -0.1580110369475562E-11   0  0  0  1  1  0  0  1
   3 -0.9031095398654440       679.7604012678436       1  0  0  0  0  1  0  1
   3  -10.67252390943927      -9.947081125396410       0  1  0  0  0  1  0  1
   3 -0.1229797078982403E-07  0.8120737115615791E-08   0  0  1  0  0  1  0  1
   3  0.2423898917514380E-10  0.9057749349497590E-10   0  0  0  1  0  1  0  1
   3  0.1428460736492085E-04 -0.2585362500692385E-06   1  0  0  0  0  0  1  1
   3  0.3699636990542955E-07 -0.3007416493738750E-05   0  1  0  0  0  0  1  1
   3  -164.4126432567420       793.1510021603412       0  0  1  0  0  0  1  1
   3  -876762.1322248911       47821.16799996211       0  0  0  1  0  0  1  1
   3   4.470144435349489     -0.1623645977151355E-13   1  0  0  0  0  0  0  2
   3  0.1375982661144803E-13  0.8569533971325427E-14   0  1  0  0  0  0  0  2
   3  0.7132410999552109E-12 -0.2637243098117341E-12   0  0  1  0  0  0  0  2
   3 -0.2441834610937042E-10  0.2492792086425713E-11   0  0  0  1  0  0  0  2
   3  -32.55471825876380      -52.66478026228440       0  0  0  0  3  0  0  0
   3   33.48397445900646       70.04955332437719       0  0  0  0  2  1  0  0
   3   31.95971823096332       52.97225217483338       0  0  0  0  1  2  0  0
   3  -32.86947235537122      -70.11082192557015       0  0  0  0  0  3  0  0
   3 -0.1529025422155709E-06  0.1463303018562644E-06   0  0  0  0  2  0  1  0
   3  0.3616224009657710E-06 -0.3085262994416778E-06   0  0  0  0  1  1  1  0
   3 -0.2088764702830739E-06  0.1619985877541108E-06   0  0  0  0  0  2  1  0
   3   720488.0072792553      -2471744.016833814       0  0  0  0  1  0  2  0
   3  -714811.2044538149       2506076.356457931       0  0  0  0  0  1  2  0
   3  0.5730139209496210E-04 -0.9812256671357343E-06   0  0  0  0  0  0  3  0
   3  -100.8164320038435       69.01367273164415       0  0  0  0  2  0  0  1
   3   15.35750355611432      -1.004109944712790       0  0  0  0  1  1  0  1
   3   115.9100975098677      -68.90989713451077       0  0  0  0  0  2  0  1
   3  0.3038214683499188E-06  0.2900906038281955E-06   0  0  0  0  1  0  1  1
   3 -0.3148333325776836E-06 -0.3316051002610813E-06   0  0  0  0  0  1  1  1
   3  -6238618.290537399      -1623937.935245492       0  0  0  0  0  0  2  1
   3  0.3543550438508916E-01  0.2090817488985484       0  0  0  0  1  0  0  2
   3  0.9300223858767165E-02 -0.2066106892204012       0  0  0  0  0  1  0  2
   3  0.2286472559413076E-09  0.4460224159806168E-09   0  0  0  0  0  0  1  2
  -153   0.000000000000000       0.000000000000000       0  0  0  0  0  0  0  0

          1, NO =    3, NV =    8, INA =  654
 *********************************************

    I  COEFFICIENT          ORDER   EXPONENTS
      NO =     3      NV =     8
   1   1.000000000000000       0.000000000000000       0  1  0  0  0  0  0  0
   2   6.614597082097418       10.61859661960876       2  0  0  0  0  0  0  0
   2   41.73020905372538       21.07338058844096       1  1  0  0  0  0  0  0
   2  -20.86510452686263       10.53669029422049       0  2  0  0  0  0  0  0
   2 -0.2290349513194510E-10 -0.2143159747159747E-09   1  0  1  0  0  0  0  0
   2  0.3147499008601947E-10 -0.2243640458032792E-09   0  1  1  0  0  0  0  0
   2   2.595351490277895      -9.848545547896149       0  0  2  0  0  0  0  0
   2 -0.7639924644619742E-10 -0.1818743868171329E-09   1  0  0  1  0  0  0  0
   2 -0.1629689852129303E-10 -0.2298386206253258E-09   0  1  0  1  0  0  0  0
   2   14.17977935560577      -20.36036467486661       0  0  1  1  0  0  0  0
   2  -7.010067998784756      -8.912313374049987       0  0  0  2  0  0  0  0
   2  -1.626360656842288       1.399515827429310       1  0  0  0  1  0  0  0
   2  -1.462742458010382      -510.1424491237635       0  1  0  0  1  0  0  0
   2  0.9742445771163151E-11 -0.1703360561864022E-11   0  0  1  0  1  0  0  0
   2  0.3648535181833381E-09  0.7816001406824302E-09   0  0  0  1  1  0  0  0
   2   1.653453623199971      -1.585100455794498       1  0  0  0  0  1  0  0
   2   1.462742458011066      -510.1424491237635       0  1  0  0  0  1  0  0
   2 -0.9798263244818034E-11  0.2061733941979973E-11   0  0  1  0  0  1  0  0
   2  0.3504765178296815E-09  0.7935459644797238E-09   0  0  0  1  0  1  0  0
   2 -0.4014958560518549E-09  0.2957734161109874E-09   1  0  0  0  0  0  1  0
   2  -65.11879681180368       18.79009051984950       0  0  1  0  0  0  1  0
   2  -365024.6525039711       35681.88931931237       0  0  0  1  0  0  1  0
   2   1.239153349324394       1.709019815614003       1  0  0  0  0  0  0  1
   2  0.8786930079020521E-12 -0.1075953264879080E-10   0  0  1  0  0  0  0  1
   2  0.1328951492284215E-10 -0.1855761252721673E-10   0  0  0  1  0  0  0  1
   2 -0.1382976840901549     -0.6523592003136633E-01   0  0  0  0  2  0  0  0
   2  0.2406756985394125      0.1282726855381559       0  0  0  0  1  1  0  0
   2 -0.1024138991679645     -0.6303465444049731E-01   0  0  0  0  0  2  0  0
   2  0.1048110680793201E-10  0.1517527598856256E-10   0  0  0  0  1  0  1  0
   2 -0.1069001253366656E-10 -0.1512998274436813E-10   0  0  0  0  0  1  1  0
   2   32.20287853431891      -6.505585633907041       0  0  0  0  0  0  2  0
   2 -0.1361123979895852      0.2280805757848291       0  0  0  0  1  0  0  1
   2  0.1341847297203166     -0.1965886827881888       0  0  0  0  0  1  0  1
   2  0.3838095771867911E-10 -0.2535045387784026E-10   0  0  0  0  0  0  1  1
   3  0.5081213227953185E-12  0.7074341112911497E-12   3  0  0  0  0  0  0  0
   3   387.1501908180919       346.6703989793919       2  1  0  0  0  0  0  0
   3  -780.0552604903933      0.1179729579149386E-06   1  2  0  0  0  0  0  0
   3   387.1501908180531      -346.6703989794138       0  3  0  0  0  0  0  0
   3 -0.4910514066276338E-09 -0.2642290510176749E-08   2  0  1  0  0  0  0  0
   3  0.1171033136556255E-08 -0.1233624970787776E-07   1  1  1  0  0  0  0  0
   3  0.2281692103667032E-08  0.3218220594741029E-08   0  2  1  0  0  0  0  0
   3   33.88661684697968      -387.4360330636515       1  0  2  0  0  0  0  0
   3   232.1435361364511      -785.2625613733729       0  1  2  0  0  0  0  0
   3 -0.5003208786233833E-09  0.8876018241994022E-09   0  0  3  0  0  0  0  0
   3 -0.1354740242134544E-08 -0.4571295378688007E-08   2  0  0  1  0  0  0  0
   3  0.2401333427549290E-08 -0.4077204463714926E-08   1  1  0  1  0  0  0  0
   3  0.1788522263597478E-08  0.1274517460366396E-07   0  2  0  1  0  0  0  0
   3   239.4242726644448      -570.3186859939027       1  0  1  1  0  0  0  0
   3  -99.36273703114614       60.54802725655890       0  1  1  1  0  0  0  0
   3 -0.9067430262652295E-09  0.2979272740582323E-08   0  0  2  1  0  0  0  0
   3  -279.6170560235498      -334.4085487128278       1  0  0  2  0  0  0  0
   3   388.9154936747324       638.3777509634184       0  1  0  2  0  0  0  0
   3  0.1284701499766937E-08  0.7964532462832119E-09   0  0  1  2  0  0  0  0
   3 -0.1408716470659379E-08 -0.9466211804425971E-09   0  0  0  3  0  0  0  0
   3  -5456.048485451791       3402.030858280146       2  0  0  0  1  0  0  0
   3   10677.52314539227      -21263.07933712074       1  1  0  0  1  0  0  0
   3   16127.13174217278       31786.54234371713       0  2  0  0  1  0  0  0
   3  0.4599153949034788E-07 -0.8169031445604631E-08   1  0  1  0  1  0  0  0
   3 -0.1141595664634175E-06 -0.1649898555261852E-07   0  1  1  0  1  0  0  0
   3  -1463.543930218817      -390.1440156955516       0  0  2  0  1  0  0  0
   3 -0.5029360928197885E-07  0.4626866725503345E-07   1  0  0  1  1  0  0  0
   3 -0.2630439855226328E-06 -0.3585980359126506E-07   0  1  0  1  1  0  0  0
   3  -10419.00585680074      -7312.392236470024       0  0  1  1  1  0  0  0
   3  -7791.082782323897       6106.651138453721       0  0  0  2  1  0  0  0
   3  -5375.425286846666       3343.159237035319       2  0  0  0  0  1  0  0
   3   10819.74550583314      -21310.58562852346       1  1  0  0  0  1  0  0
   3   16121.82027551346       32121.91935308719       0  2  0  0  0  1  0  0
   3  0.4482127636520746E-07 -0.7993893591348603E-08   1  0  1  0  0  1  0  0
   3 -0.1147366343666276E-06 -0.1566701891930190E-07   0  1  1  0  0  1  0  0
   3  -1501.490282118917      -390.7110169471698       0  0  2  0  0  1  0  0
   3 -0.5081390817559396E-07  0.4713601548020536E-07   1  0  0  1  0  1  0  0
   3 -0.2628468215820599E-06 -0.3734292519839604E-07   0  1  0  1  0  1  0  0
   3  -10349.41845783857      -7169.521054798943       0  0  1  1  0  1  0  0
   3  -7708.357887805328       6087.135762902750       0  0  0  2  0  1  0  0
   3 -0.3306145574817426E-05 -0.2170853113527392E-04   2  0  0  0  0  0  1  0
   3  0.3541688752422520E-05 -0.3300998337506912E-04   1  1  0  0  0  0  1  0
   3 -0.2079016856171640E-04 -0.3439272541380393E-04   0  2  0  0  0  0  1  0
   3  -4074310.947019908      -8224729.882333111       1  0  1  0  0  0  1  0
   3  -13052439.75094253      -9104040.663688304       0  1  1  0  0  0  1  0
   3  0.1965785861231149E-04  0.4697999337294614E-04   0  0  2  0  0  0  1  0
   3  -15984956.71024723      -6204922.720262803       1  0  0  1  0  0  1  0
   3   15889984.41754534      -9265530.897603204       0  1  0  1  0  0  1  0
   3  0.7201605549018787E-04  0.8714951299069853E-04   0  0  1  1  0  0  1  0
   3 -0.1599599429056810E-04  0.5539901890048861E-04   0  0  0  2  0  0  1  0
   3   7.887441094218438       48.75812952324067       2  0  0  0  0  0  0  1
   3   52.69487351778761       3.775279987563081       1  1  0  0  0  0  0  1
   3  -102.5666058703489       90.84385921145652       0  2  0  0  0  0  0  1
   3 -0.5131427513572604E-09  0.2963165855507243E-10   1  0  1  0  0  0  0  1
   3 -0.1355891928787304E-08  0.3421493617971811E-09   0  1  1  0  0  0  0  1
   3  -34.59005580895008      -53.17548637924253       0  0  2  0  0  0  0  1
   3  0.6262229006045266E-09 -0.4388207236337529E-09   1  0  0  1  0  0  0  1
   3 -0.1452192107654321E-09  0.1308142613020782E-08   0  1  0  1  0  0  0  1
   3  -103.7580054099299      -24.82475710475659       0  0  1  1  0  0  0  1
   3   39.09779320197975       8.535855187672608       0  0  0  2  0  0  0  1
   3  -8.377755087082523      -8.568078584415147       1  0  0  0  2  0  0  0
   3  -259241.6799492835       1486.413835893916       0  1  0  0  2  0  0  0
   3  0.5803532521932458E-10 -0.4706053894536289E-11   0  0  1  0  2  0  0  0
   3  0.5377948308696826E-06 -0.2508231770955869E-06   0  0  0  1  2  0  0  0
   3   4.427701959638089       4.147831425670324       1  0  0  0  1  1  0  0
   3  -520485.0302011027     -0.5775495518115506E-01   0  1  0  0  1  1  0  0
   3  0.8992765061872083E-11 -0.9118937488014911E-10   0  0  1  0  1  1  0  0
   3  0.1086742288654824E-05 -0.4935219379479591E-06   0  0  0  1  1  1  0  0
   3  -7.813732473420729      -8.506344710537736       1  0  0  0  0  2  0  0
   3  -261254.5282607651      -1497.886443412434       0  1  0  0  0  2  0  0
   3 -0.9737998296489402E-11  0.1815497230640610E-10   0  0  1  0  0  2  0  0
   3  0.5489922671450577E-06 -0.2426541091247075E-06   0  0  0  1  0  2  0  0
   3 -0.2687189281680283E-05  0.9038211117996239E-06   1  0  0  0  1  0  1  0
   3  0.2239172236997932E-03 -0.2672677324149477E-03   0  1  0  0  1  0  1  0
   3   81914.92940502996      -586012.1537258865       0  0  1  0  1  0  1  0
   3   24540478.21795053       251849107.7991086       0  0  0  1  1  0  1  0
   3  0.2753244568213828E-05 -0.9334085748544501E-06   1  0  0  0  0  1  1  0
   3  0.2287614895725710E-03 -0.2575222667362179E-03   0  1  0  0  0  1  1  0
   3  -88142.81156777426       712697.2234826970       0  0  1  0  0  1  1  0
   3   24695555.96963786       251834117.6776626       0  0  0  1  0  1  1  0
   3   841.9001794494689       158.4024884309620       1  0  0  0  0  0  2  0
   3  -134516189567.5314       306.5173062329567       0  1  0  0  0  0  2  0
   3 -0.2596492323974160E-04 -0.8905466077166147E-04   0  0  1  0  0  0  2  0
   3  0.8633478617829228E-09 -0.1703754958841861E-08   0  0  0  1  0  0  2  0
   3  -10.67252390943927       9.947081125396410       1  0  0  0  1  0  0  1
   3 -0.9031095398654509      -679.7604012678435       0  1  0  0  1  0  0  1
   3  0.2423898917514294E-10 -0.9057749349497569E-10   0  0  1  0  1  0  0  1
   3 -0.1229797078982403E-07 -0.8120737115615791E-08   0  0  0  1  1  0  0  1
   3   10.57946816157822      -9.412922197189717       1  0  0  0  0  1  0  1
   3  0.3359394972869056      -698.4307071140546       0  1  0  0  0  1  0  1
   3 -0.3923277921033475E-10  0.1580110369475865E-11   0  0  1  0  0  1  0  1
   3 -0.1234000471605917E-07 -0.8087230119152228E-08   0  0  0  1  0  1  0  1
   3  0.3699636990542954E-07  0.3007416493738750E-05   1  0  0  0  0  0  1  1
   3  0.1428460736492085E-04  0.2585362500692287E-06   0  1  0  0  0  0  1  1
   3  -876762.1322248912      -47821.16799996206       0  0  1  0  0  0  1  1
   3  -164.4126432567420      -793.1510021603411       0  0  0  1  0  0  1  1
   3  0.1375982661144803E-13 -0.8569533971325427E-14   1  0  0  0  0  0  0  2
   3   4.470144435349489      0.1623645977151355E-13   0  1  0  0  0  0  0  2
   3 -0.2441834610937042E-10 -0.2492792086425693E-11   0  0  1  0  0  0  0  2
   3  0.7132410999552076E-12  0.2637243098117405E-12   0  0  0  1  0  0  0  2
   3  -32.86947235537122       70.11082192557015       0  0  0  0  3  0  0  0
   3   31.95971823096332      -52.97225217483337       0  0  0  0  2  1  0  0
   3   33.48397445900646      -70.04955332437719       0  0  0  0  1  2  0  0
   3  -32.55471825876380       52.66478026228440       0  0  0  0  0  3  0  0
   3 -0.2088764702830739E-06 -0.1619985877541108E-06   0  0  0  0  2  0  1  0
   3  0.3616224009657710E-06  0.3085262994416778E-06   0  0  0  0  1  1  1  0
   3 -0.1529025422155709E-06 -0.1463303018562644E-06   0  0  0  0  0  2  1  0
   3  -714811.2044538150      -2506076.356457931       0  0  0  0  1  0  2  0
   3   720488.0072792553       2471744.016833814       0  0  0  0  0  1  2  0
   3  0.5730139209496210E-04  0.9812256671357343E-06   0  0  0  0  0  0  3  0
   3   115.9100975098677       68.90989713451077       0  0  0  0  2  0  0  1
   3   15.35750355611431       1.004109944712790       0  0  0  0  1  1  0  1
   3  -100.8164320038435      -69.01367273164415       0  0  0  0  0  2  0  1
   3 -0.3148333325776836E-06  0.3316051002610813E-06   0  0  0  0  1  0  1  1
   3  0.3038214683499188E-06 -0.2900906038281955E-06   0  0  0  0  0  1  1  1
   3  -6238618.290537399       1623937.935245492       0  0  0  0  0  0  2  1
   3  0.9300223858767137E-02  0.2066106892204012       0  0  0  0  1  0  0  2
   3  0.3543550438508913E-01 -0.2090817488985483       0  0  0  0  0  1  0  2
   3  0.2286472559413076E-09 -0.4460224159806167E-09   0  0  0  0  0  0  1  2
  -153   0.000000000000000       0.000000000000000       0  0  0  0  0  0  0  0

          1, NO =    3, NV =    8, INA =  655
 *********************************************

    I  COEFFICIENT          ORDER   EXPONENTS
      NO =     3      NV =     8
   1   1.000000000000000       0.000000000000000       0  0  1  0  0  0  0  0
   2  0.7569101587902783E-10  0.1298873355015674E-09   2  0  0  0  0  0  0  0
   2 -0.2658357510101066E-10  0.3289794979123345E-09   1  1  0  0  0  0  0  0
   2 -0.1972013705780989E-10  0.1545188327296048E-09   0  2  0  0  0  0  0  0
   2  -14.17977935560572       20.36036467486661       1  0  1  0  0  0  0  0
   2   14.17977935560588       20.36036467486668       0  1  1  0  0  0  0  0
   2  0.7445641211468807E-10 -0.8375791213834114E-10   0  0  2  0  0  0  0  0
   2   14.02013599756959       17.82462674809995       1  0  0  1  0  0  0  0
   2   5.190702980555822       19.69709109579227       0  1  0  1  0  0  0  0
   2 -0.1640960582050847E-09 -0.1620586049256053E-09   0  0  1  1  0  0  0  0
   2 -0.5989811782131947E-10 -0.8201462183436674E-10   0  0  0  2  0  0  0  0
   2 -0.4989175568196141E-09 -0.1484529118381850E-08   1  0  0  0  1  0  0  0
   2 -0.1747741692391024E-10 -0.3988069904597721E-11   0  1  0  0  1  0  0  0
   2  -1.676395813056546       179.7879595862258       0  0  1  0  1  0  0  0
   2  -1.491061933056837      0.6160136245409771       0  0  0  1  1  0  0  0
   2 -0.4719268318938836E-09 -0.1503323649886007E-08   1  0  0  0  0  1  0  0
   2  0.1732853560022168E-10  0.3318851975038804E-11   0  1  0  0  0  1  0  0
   2   1.676395813056686       179.7879595862258       0  0  1  0  0  1  0  0
   2   1.501321377597187     -0.5707651063683203       0  0  0  1  0  1  0  0
   2   365024.6525034015      -35681.88932559118       1  0  0  0  0  0  1  0
   2  -65.11879681180368      -18.79009051984898       0  1  0  0  0  0  1  0
   2  0.4980052625490431E-09 -0.3611706376177151E-10   0  0  0  1  0  0  1  0
   2 -0.2206271358535828E-10  0.2013498620705734E-10   1  0  0  0  0  0  0  1
   2  0.1580412122132719E-11  0.1894657788028288E-10   0  1  0  0  0  0  0  1
   2   1.482865802432034       1.556160737374389       0  0  0  1  0  0  0  1
   2  0.3682756373235550E-12 -0.4422955880000880E-12   0  0  0  0  2  0  0  0
   2 -0.8999139160287188E-12  0.9329464248778414E-12   0  0  0  0  1  1  0  0
   2  0.5317838297748948E-12 -0.4907923624063759E-12   0  0  0  0  0  2  0  0
   2  -1.304049570351281       6.942376257006949       0  0  0  0  1  0  1  0
   2   1.270264581872675      -6.943039326882062       0  0  0  0  0  1  1  0
   2 -0.1552752327283819E-09  0.1784079778716154E-10   0  0  0  0  0  0  2  0
   2 -0.9126128136665532E-12 -0.6866792959872704E-12   0  0  0  0  1  0  0  1
   2  0.9324539791652585E-12  0.8362373491055098E-12   0  0  0  0  0  1  0  1
   2   17.35643125703269       2.751873235777577       0  0  0  0  0  0  1  1
   3 -0.2305894141407071E-08 -0.6215939401090085E-08   3  0  0  0  0  0  0  0
   3 -0.3398537854338161E-08 -0.1639922834134105E-08   2  1  0  0  0  0  0  0
   3  0.5833421189182319E-09  0.3566286447168928E-08   1  2  0  0  0  0  0  0
   3  0.4094835034533497E-09 -0.1800110568471913E-08   0  3  0  0  0  0  0  0
   3   330.1014877285222      -1046.203853106363       2  0  1  0  0  0  0  0
   3  -302.0208573667333       60.54802718574138       1  1  1  0  0  0  0  0
   3   90.67721506409227       475.8851671124876       0  2  1  0  0  0  0  0
   3 -0.4430280309034682E-08  0.6359829279373792E-08   1  0  2  0  0  0  0  0
   3  0.8923689153740839E-09 -0.2219414353726161E-08   0  1  2  0  0  0  0  0
   3   48.58909364248408      -86.95076043622655       0  0  3  0  0  0  0  0
   3  -279.6170560235449      -334.4085487128222       2  0  0  1  0  0  0  0
   3   156.7719575382391      -146.8848104099686       1  1  0  1  0  0  0  0
   3  -33.88661684697976      -387.4360330636461       0  2  0  1  0  0  0  0
   3  0.7848587040180969E-10  0.1848255800689614E-08   1  0  1  1  0  0  0  0
   3 -0.3756780757727398E-08 -0.3233180396356415E-08   0  1  1  1  0  0  0  0
   3  -49.69286840974197     -0.1030853821220997E-07   0  0  2  1  0  0  0  0
   3 -0.2071705677769795E-08 -0.2368109325464884E-08   1  0  0  2  0  0  0  0
   3  0.2799644630889652E-09  0.6991753517066893E-10   0  1  0  2  0  0  0  0
   3   48.58909364246713       86.95076043621799       0  0  1  2  0  0  0  0
   3  0.3103073353827313E-12  0.3030908857226677E-12   0  0  0  3  0  0  0  0
   3 -0.1239112078193853E-06  0.1387159059752934E-06   2  0  0  0  1  0  0  0
   3 -0.1215860106002661E-06 -0.7494133417433574E-07   1  1  0  0  1  0  0  0
   3  0.7848017541652240E-07  0.1007829604497522E-07   0  2  0  0  1  0  0  0
   3  -17670.81074415239      -12409.83809691383       1  0  1  0  1  0  0  0
   3   2973.880771813564      -2074.009247376112       0  1  1  0  1  0  0  0
   3  0.7248092239471739E-07  0.6494056055049531E-07   0  0  2  0  1  0  0  0
   3  -9108.651088872339       7153.574243986517       1  0  0  1  1  0  0  0
   3   10035.61316300444      -2625.080842061729       0  1  0  1  1  0  0  0
   3  0.6088485778878302E-07 -0.4665629687986654E-07   0  0  1  1  1  0  0  0
   3 -0.1485324370217580E-07  0.1315025505851348E-07   0  0  0  2  1  0  0  0
   3 -0.1243750169591965E-06  0.1382466837817217E-06   2  0  0  0  0  1  0  0
   3 -0.1199577128808989E-06 -0.7643044302288176E-07   1  1  0  0  0  1  0  0
   3  0.7919166860650846E-07  0.1000889758453736E-07   0  2  0  0  0  1  0  0
   3  -17737.90650227979      -12270.39262448178       1  0  1  0  0  1  0  0
   3   3154.238893350343      -2210.555233792732       0  1  1  0  0  1  0  0
   3  0.7319360542263114E-07  0.6460891118018822E-07   0  0  2  0  0  1  0  0
   3  -9073.750663659999       7150.527526285567       1  0  0  1  0  1  0  0
   3   10058.10293391486      -2667.831813920654       0  1  0  1  0  1  0  0
   3  0.6060276250963344E-07 -0.4694222415045435E-07   0  0  1  1  0  1  0  0
   3 -0.1504033991121685E-07  0.1333290848952458E-07   0  0  0  2  0  1  0  0
   3  -12443199.00874489       4834637.719335083       2  0  0  0  0  0  1  0
   3   24855954.12737619       4745736.547266990       1  1  0  0  0  0  1  0
   3   3228519.803510368       3261180.698864359       0  2  0  0  0  0  1  0
   3  0.4655085494790501E-05 -0.8221787046490255E-04   1  0  1  0  0  0  1  0
   3 -0.5405922297292115E-04 -0.1150243216894539E-03   0  1  1  0  0  0  1  0
   3   3657469.187642579      -3422731.247917113       0  0  2  0  0  0  1  0
   3 -0.4823783479182329E-04 -0.9356347870152937E-04   1  0  0  1  0  0  1  0
   3 -0.3520728502213228E-04 -0.9931840770317482E-04   0  1  0  1  0  0  1  0
   3  -4482387.385222230      -7007878.092329784       0  0  1  1  0  0  1  0
   3  -1299070.822871335      -3503066.966648359       0  0  0  2  0  0  1  0
   3  0.1126424947995406E-08 -0.7173968568827323E-09   2  0  0  0  0  0  0  1
   3 -0.7286425911853228E-09  0.5051900545268074E-09   1  1  0  0  0  0  0  1
   3  0.5975965189115180E-09  0.1292535108055691E-09   0  2  0  0  0  0  0  1
   3  -6.702076369953751      -15.59686855714392       1  0  1  0  0  0  0  1
   3   180.4559168983450       17.43639212649579       0  1  1  0  0  0  0  1
   3 -0.7516362241710297E-09 -0.1895265778205178E-09   0  0  2  0  0  0  0  1
   3  -27.22583359226281       33.32305558250411       1  0  0  1  0  0  0  1
   3   47.86553119151546      -1.835563960023791       0  1  0  1  0  0  0  1
   3 -0.2100679271467407E-09  0.1822771425200838E-09   0  0  1  1  0  0  0  1
   3  0.1461397688339498E-09 -0.2355529644574365E-09   0  0  0  2  0  0  0  1
   3  0.1027263546192967E-05 -0.3449171709865838E-06   1  0  0  0  2  0  0  0
   3  0.6235908187508977E-10 -0.7002276156255096E-10   0  1  0  0  2  0  0  0
   3  -32678.10121104769      -609.4773734312117       0  0  1  0  2  0  0  0
   3  -2.621637808582227      -5.468613793438360       0  0  0  1  2  0  0  0
   3  0.2061356332609017E-05 -0.6697974009469823E-06   1  0  0  0  1  1  0  0
   3 -0.2475600997961711E-10 -0.6799854324510424E-10   0  1  0  0  1  1  0  0
   3  -64647.85895304148      0.3050272592077325       0  0  1  0  1  1  0  0
   3  0.8760073195725511     -0.9458297003664029       0  0  0  1  1  1  0  0
   3  0.1034126854380816E-05 -0.3250219272334308E-06   1  0  0  0  0  2  0  0
   3 -0.6792057285749489E-10 -0.1751927131207140E-09   0  1  0  0  0  2  0  0
   3  -31968.87933193966       595.9581807209688       0  0  1  0  0  2  0  0
   3  -2.931935530423814      -5.379343748301778       0  0  0  1  0  2  0  0
   3   24540020.61032402       251849097.7828356       1  0  0  0  1  0  1  0
   3   87562.80245490464       712963.1238833686       0  1  0  0  1  0  1  0
   3  0.2287658322252932E-03  0.2575227914950776E-03   0  0  1  0  1  0  1  0
   3  0.2868999441463762E-05  0.4757860680780135E-06   0  0  0  1  1  0  1  0
   3   24696013.60007868       251834125.1503878       1  0  0  0  0  1  1  0
   3  -81336.22827475121      -586280.7727289303       0  1  0  0  0  1  1  0
   3  0.2239130205382600E-03  0.2672672347521416E-03   0  0  1  0  0  1  1  0
   3 -0.2833837656227869E-05 -0.2688424617160605E-06   0  0  0  1  0  1  1  0
   3 -0.2086604384306754E-08  0.3296263767167960E-08   1  0  0  0  0  0  2  0
   3  0.2596027694674601E-04 -0.8904854724974509E-04   0  1  0  0  0  0  2  0
   3  -134516189567.6092       328.5474752496797       0  0  1  0  0  0  2  0
   3   262.2661907077888       336.4631297958047       0  0  0  1  0  0  2  0
   3 -0.1458879286512208E-07 -0.1725058233448610E-07   1  0  0  0  1  0  0  1
   3 -0.5113428610212587E-10 -0.8100284902945464E-10   0  1  0  0  1  0  0  1
   3  -8.399012230527051       249.1810136425902       0  0  1  0  1  0  0  1
   3  -4.803439316025504       2.866935943268857       0  0  0  1  1  0  0  1
   3 -0.1450234121844836E-07 -0.1723152287612792E-07   1  0  0  0  0  1  0  1
   3  0.1680338459341740E-09 -0.9209799306757860E-10   0  1  0  0  0  1  0  1
   3   8.570266924258227       236.3480876139237       0  0  1  0  0  1  0  1
   3   4.709820667236045      -3.185191255763812       0  0  0  1  0  1  0  1
   3  -183.9103798627663       377.1541705826695       1  0  0  0  0  0  1  1
   3   877430.8866033851      -46381.18544613309       0  1  0  0  0  0  1  1
   3  0.1428545616891164E-04 -0.2673906155764929E-06   0  0  1  0  0  0  1  1
   3 -0.5518206544989171E-06 -0.2967490214743536E-05   0  0  0  1  0  0  1  1
   3  0.1345559672379534E-11  0.5543988480841830E-12   1  0  0  0  0  0  0  2
   3  0.5696109901994906E-11 -0.1528566180248112E-11   0  1  0  0  0  0  0  2
   3   4.620527228568003      0.4189716627927152E-15   0  0  1  0  0  0  0  2
   3  0.1365457505872117E-21  0.2758225873012849E-23   0  0  0  1  0  0  0  2
   3  0.2254838196641048E-09  0.1894734806099652E-09   0  0  0  0  3  0  0  0
   3 -0.2518973195664783E-09 -0.2664585313767412E-09   0  0  0  0  2  1  0  0
   3 -0.2246057455597123E-09 -0.1939399119229587E-09   0  0  0  0  1  2  0  0
   3  0.2507164339928382E-09  0.2697978885394360E-09   0  0  0  0  0  3  0  0
   3  -36385.60457998547       26413.40859928824       0  0  0  0  2  0  1  0
   3   83229.14840202770      -55394.48903964570       0  0  0  0  1  1  1  0
   3  -46911.19735408894       28959.29614038787       0  0  0  0  0  2  1  0
   3 -0.3370902170658670E-05  0.5827909382268050E-05   0  0  0  0  1  0  2  0
   3  0.3274749630513644E-05 -0.5995481231674097E-05   0  0  0  0  0  1  2  0
   3   11980444.59818016       1224658.648149117       0  0  0  0  0  0  3  0
   3  0.3537259568257276E-09 -0.4660739007054518E-09   0  0  0  0  2  0  0  1
   3 -0.7057204005215907E-10  0.2708127770964504E-10   0  0  0  0  1  1  0  1
   3 -0.4231230131577549E-09  0.4751807943608126E-09   0  0  0  0  0  2  0  1
   3   55453.22945801049       70093.01543707922       0  0  0  0  1  0  1  1
   3  -58269.28427956560      -75279.92986143676       0  0  0  0  0  1  1  1
   3  0.1491971828472979E-04  0.7883231327552465E-05   0  0  0  0  0  0  2  1
   3 -0.7506110153461320E-11 -0.2524513164213804E-11   0  0  0  0  1  0  0  2
   3  0.7886617563794940E-11  0.3186664455107326E-11   0  0  0  0  0  1  0  2
   3   30.01961544706468       22.92873814916933       0  0  0  0  0  0  1  2
  -153   0.000000000000000       0.000000000000000       0  0  0  0  0  0  0  0

          1, NO =    3, NV =    8, INA =  656
 *********************************************

    I  COEFFICIENT          ORDER   EXPONENTS
      NO =     3      NV =     8
   1   1.000000000000000       0.000000000000000       0  0  0  1  0  0  0  0
   2 -0.1972013705780989E-10 -0.1545188327296048E-09   2  0  0  0  0  0  0  0
   2 -0.2658357510101066E-10 -0.3289794979123345E-09   1  1  0  0  0  0  0  0
   2  0.7569101587902783E-10 -0.1298873355015674E-09   0  2  0  0  0  0  0  0
   2   5.190702980555822      -19.69709109579227       1  0  1  0  0  0  0  0
   2   14.02013599756959      -17.82462674809995       0  1  1  0  0  0  0  0
   2 -0.5989811782131948E-10  0.8201462183436674E-10   0  0  2  0  0  0  0  0
   2   14.17977935560588      -20.36036467486668       1  0  0  1  0  0  0  0
   2  -14.17977935560572      -20.36036467486661       0  1  0  1  0  0  0  0
   2 -0.1640960582050847E-09  0.1620586049256053E-09   0  0  1  1  0  0  0  0
   2  0.7445641211468807E-10  0.8375791213834114E-10   0  0  0  2  0  0  0  0
   2  0.1732853560022168E-10 -0.3318851975038804E-11   1  0  0  0  1  0  0  0
   2 -0.4719268318938836E-09  0.1503323649886007E-08   0  1  0  0  1  0  0  0
   2   1.501321377597187      0.5707651063683200       0  0  1  0  1  0  0  0
   2   1.676395813056687      -179.7879595862258       0  0  0  1  1  0  0  0
   2 -0.1747741692391024E-10  0.3988069904597721E-11   1  0  0  0  0  1  0  0
   2 -0.4989175568196140E-09  0.1484529118381850E-08   0  1  0  0  0  1  0  0
   2  -1.491061933056838     -0.6160136245409770       0  0  1  0  0  1  0  0
   2  -1.676395813056546      -179.7879595862258       0  0  0  1  0  1  0  0
   2  -65.11879681180368       18.79009051984899       1  0  0  0  0  0  1  0
   2   365024.6525034015       35681.88932559118       0  1  0  0  0  0  1  0
   2  0.4980052625490432E-09  0.3611706376177149E-10   0  0  1  0  0  0  1  0
   2  0.1580412122132719E-11 -0.1894657788028288E-10   1  0  0  0  0  0  0  1
   2 -0.2206271358535830E-10 -0.2013498620705731E-10   0  1  0  0  0  0  0  1
   2   1.482865802432034      -1.556160737374389       0  0  1  0  0  0  0  1
   2  0.5317838297748948E-12  0.4907923624063759E-12   0  0  0  0  2  0  0  0
   2 -0.8999139160287188E-12 -0.9329464248778411E-12   0  0  0  0  1  1  0  0
   2  0.3682756373235550E-12  0.4422955880000880E-12   0  0  0  0  0  2  0  0
   2   1.270264581872676       6.943039326882062       0  0  0  0  1  0  1  0
   2  -1.304049570351281      -6.942376257006949       0  0  0  0  0  1  1  0
   2 -0.1552752327283819E-09 -0.1784079778716154E-10   0  0  0  0  0  0  2  0
   2  0.9324539791652585E-12 -0.8362373491055098E-12   0  0  0  0  1  0  0  1
   2 -0.9126128136665534E-12  0.6866792959872703E-12   0  0  0  0  0  1  0  1
   2   17.35643125703269      -2.751873235777577       0  0  0  0  0  0  1  1
   3  0.4094835034533501E-09  0.1800110568471913E-08   3  0  0  0  0  0  0  0
   3  0.5833421189182281E-09 -0.3566286447168935E-08   2  1  0  0  0  0  0  0
   3 -0.3398537854337896E-08  0.1639922834134159E-08   1  2  0  0  0  0  0  0
   3 -0.2305894141407071E-08  0.6215939401090085E-08   0  3  0  0  0  0  0  0
   3  -33.88661684697976       387.4360330636461       2  0  1  0  0  0  0  0
   3   156.7719575382391       146.8848104099692       1  1  1  0  0  0  0  0
   3  -279.6170560235449       334.4085487128222       0  2  1  0  0  0  0  0
   3  0.2799644630889650E-09 -0.6991753517066893E-10   1  0  2  0  0  0  0  0
   3 -0.2071705677769795E-08  0.2368109325464884E-08   0  1  2  0  0  0  0  0
   3  0.3103073353827313E-12 -0.3033129303275928E-12   0  0  3  0  0  0  0  0
   3   90.67721506409235      -475.8851671124876       2  0  0  1  0  0  0  0
   3  -302.0208573667478      -60.54802718574092       1  1  0  1  0  0  0  0
   3   330.1014877285223       1046.203853106363       0  2  0  1  0  0  0  0
   3 -0.3756780757727396E-08  0.3233180396356412E-08   1  0  1  1  0  0  0  0
   3  0.7848587040195912E-10 -0.1848255800689574E-08   0  1  1  1  0  0  0  0
   3   48.58909364246724      -86.95076043621802       0  0  2  1  0  0  0  0
   3  0.8923689153740706E-09  0.2219414353726174E-08   1  0  0  2  0  0  0  0
   3 -0.4430280309034682E-08 -0.6359829279373794E-08   0  1  0  2  0  0  0  0
   3  -49.69286840975838      0.1030866092918219E-07   0  0  1  2  0  0  0  0
   3   48.58909364248408       86.95076043622652       0  0  0  3  0  0  0  0
   3  0.7919166860650846E-07 -0.1000889758453736E-07   2  0  0  0  1  0  0  0
   3 -0.1199577128808989E-06  0.7643044302288176E-07   1  1  0  0  1  0  0  0
   3 -0.1243750169591966E-06 -0.1382466837817217E-06   0  2  0  0  1  0  0  0
   3   10058.10293391486       2667.831813920654       1  0  1  0  1  0  0  0
   3  -9073.750663660001      -7150.527526285567       0  1  1  0  1  0  0  0
   3 -0.1504033991121685E-07 -0.1333290848952458E-07   0  0  2  0  1  0  0  0
   3   3154.238893350342       2210.555233792732       1  0  0  1  1  0  0  0
   3  -17737.90650227979       12270.39262448178       0  1  0  1  1  0  0  0
   3  0.6060276250963344E-07  0.4694222415045436E-07   0  0  1  1  1  0  0  0
   3  0.7319360542263116E-07 -0.6460891118018822E-07   0  0  0  2  1  0  0  0
   3  0.7848017541652244E-07 -0.1007829604497521E-07   2  0  0  0  0  1  0  0
   3 -0.1215860106002661E-06  0.7494133417433574E-07   1  1  0  0  0  1  0  0
   3 -0.1239112078193852E-06 -0.1387159059752935E-06   0  2  0  0  0  1  0  0
   3   10035.61316300444       2625.080842061729       1  0  1  0  0  1  0  0
   3  -9108.651088872339      -7153.574243986517       0  1  1  0  0  1  0  0
   3 -0.1485324370217579E-07 -0.1315025505851348E-07   0  0  2  0  0  1  0  0
   3   2973.880771813564       2074.009247376111       1  0  0  1  0  1  0  0
   3  -17670.81074415238       12409.83809691383       0  1  0  1  0  1  0  0
   3  0.6088485778878304E-07  0.4665629687986654E-07   0  0  1  1  0  1  0  0
   3  0.7248092239471740E-07 -0.6494056055049532E-07   0  0  0  2  0  1  0  0
   3   3228519.803510368      -3261180.698864359       2  0  0  0  0  0  1  0
   3   24855954.12737619      -4745736.547266989       1  1  0  0  0  0  1  0
   3  -12443199.00874489      -4834637.719335082       0  2  0  0  0  0  1  0
   3 -0.3520728502213229E-04  0.9931840770317480E-04   1  0  1  0  0  0  1  0
   3 -0.4823783479182329E-04  0.9356347870152938E-04   0  1  1  0  0  0  1  0
   3  -1299070.822871335       3503066.966648359       0  0  2  0  0  0  1  0
   3 -0.5405922297292115E-04  0.1150243216894540E-03   1  0  0  1  0  0  1  0
   3  0.4655085494790492E-05  0.8221787046490257E-04   0  1  0  1  0  0  1  0
   3  -4482387.385222229       7007878.092329784       0  0  1  1  0  0  1  0
   3   3657469.187642579       3422731.247917112       0  0  0  2  0  0  1  0
   3  0.5975965189115184E-09 -0.1292535108055695E-09   2  0  0  0  0  0  0  1
   3 -0.7286425911853232E-09 -0.5051900545268053E-09   1  1  0  0  0  0  0  1
   3  0.1126424947995407E-08  0.7173968568827315E-09   0  2  0  0  0  0  0  1
   3   47.86553119151546       1.835563960023791       1  0  1  0  0  0  0  1
   3  -27.22583359226282      -33.32305558250411       0  1  1  0  0  0  0  1
   3  0.1461397688339501E-09  0.2355529644574368E-09   0  0  2  0  0  0  0  1
   3   180.4559168983450      -17.43639212649578       1  0  0  1  0  0  0  1
   3  -6.702076369953765       15.59686855714393       0  1  0  1  0  0  0  1
   3 -0.2100679271467401E-09 -0.1822771425200829E-09   0  0  1  1  0  0  0  1
   3 -0.7516362241710293E-09  0.1895265778205176E-09   0  0  0  2  0  0  0  1
   3 -0.6792057285749583E-10  0.1751927131207098E-09   1  0  0  0  2  0  0  0
   3  0.1034126854380816E-05  0.3250219272334308E-06   0  1  0  0  2  0  0  0
   3  -2.931935530423814       5.379343748301778       0  0  1  0  2  0  0  0
   3  -31968.87933193967      -595.9581807209693       0  0  0  1  2  0  0  0
   3 -0.2475600997961698E-10  0.6799854324510424E-10   1  0  0  0  1  1  0  0
   3  0.2061356332609017E-05  0.6697974009469822E-06   0  1  0  0  1  1  0  0
   3  0.8760073195725511      0.9458297003664597       0  0  1  0  1  1  0  0
   3  -64647.85895304148     -0.3050272592079022       0  0  0  1  1  1  0  0
   3  0.6235908187509078E-10  0.7002276156255096E-10   1  0  0  0  0  2  0  0
   3  0.1027263546192967E-05  0.3449171709865837E-06   0  1  0  0  0  2  0  0
   3  -2.621637808582250       5.468613793438351       0  0  1  0  0  2  0  0
   3  -32678.10121104769       609.4773734312118       0  0  0  1  0  2  0  0
   3  -81336.22827475127       586280.7727289302       1  0  0  0  1  0  1  0
   3   24696013.60007868      -251834125.1503878       0  1  0  0  1  0  1  0
   3 -0.2833837656227869E-05  0.2688424617160605E-06   0  0  1  0  1  0  1  0
   3  0.2239130205382600E-03 -0.2672672347521416E-03   0  0  0  1  1  0  1  0
   3   87562.80245490425      -712963.1238833687       1  0  0  0  0  1  1  0
   3   24540020.61032401      -251849097.7828356       0  1  0  0  0  1  1  0
   3  0.2868999441463761E-05 -0.4757860680780132E-06   0  0  1  0  0  1  1  0
   3  0.2287658322252931E-03 -0.2575227914950776E-03   0  0  0  1  0  1  1  0
   3  0.2596027694674607E-04  0.8904854724974508E-04   1  0  0  0  0  0  2  0
   3 -0.2086604384306722E-08 -0.3296263767167991E-08   0  1  0  0  0  0  2  0
   3   262.2661907003384      -336.4631297985985       0  0  1  0  0  0  2  0
   3  -134516189567.6092      -328.5474752496796       0  0  0  1  0  0  2  0
   3  0.1680338459341724E-09  0.9209799306757834E-10   1  0  0  0  1  0  0  1
   3 -0.1450234121844834E-07  0.1723152287612794E-07   0  1  0  0  1  0  0  1
   3   4.709820667236045       3.185191255763755       0  0  1  0  1  0  0  1
   3   8.570266924258224      -236.3480876139237       0  0  0  1  1  0  0  1
   3 -0.5113428610212545E-10  0.8100284902945458E-10   1  0  0  0  0  1  0  1
   3 -0.1458879286512206E-07  0.1725058233448612E-07   0  1  0  0  0  1  0  1
   3  -4.803439316025560      -2.866935943268913       0  0  1  0  0  1  0  1
   3  -8.399012230527052      -249.1810136425902       0  0  0  1  0  1  0  1
   3   877430.8866033852       46381.18544613297       1  0  0  0  0  0  1  1
   3  -183.9103798627663      -377.1541705826696       0  1  0  0  0  0  1  1
   3 -0.5518206544989170E-06  0.2967490214743536E-05   0  0  1  0  0  0  1  1
   3  0.1428545616891165E-04  0.2673906155764838E-06   0  0  0  1  0  0  1  1
   3  0.5696109901994902E-11  0.1528566180248138E-11   1  0  0  0  0  0  0  2
   3  0.1345559672379540E-11 -0.5543988480841766E-12   0  1  0  0  0  0  0  2
   3  0.1365457505872121E-21 -0.2758225873012614E-23   0  0  1  0  0  0  0  2
   3   4.620527228568003      0.3869293880597703E-15   0  0  0  1  0  0  0  2
   3  0.2507164339928383E-09 -0.2697978885394360E-09   0  0  0  0  3  0  0  0
   3 -0.2246057455597122E-09  0.1939399119229587E-09   0  0  0  0  2  1  0  0
   3 -0.2518973195664782E-09  0.2664585313767411E-09   0  0  0  0  1  2  0  0
   3  0.2254838196641048E-09 -0.1894734806099652E-09   0  0  0  0  0  3  0  0
   3  -46911.19735408894      -28959.29614038787       0  0  0  0  2  0  1  0
   3   83229.14840202770       55394.48903964570       0  0  0  0  1  1  1  0
   3  -36385.60457998547      -26413.40859928824       0  0  0  0  0  2  1  0
   3  0.3274749630513644E-05  0.5995481231674097E-05   0  0  0  0  1  0  2  0
   3 -0.3370902170658670E-05 -0.5827909382268050E-05   0  0  0  0  0  1  2  0
   3   11980444.59818016      -1224658.648149117       0  0  0  0  0  0  3  0
   3 -0.4231230131577550E-09 -0.4751807943608126E-09   0  0  0  0  2  0  0  1
   3 -0.7057204005215907E-10 -0.2708127770964495E-10   0  0  0  0  1  1  0  1
   3  0.3537259568257275E-09  0.4660739007054518E-09   0  0  0  0  0  2  0  1
   3  -58269.28427956560       75279.92986143676       0  0  0  0  1  0  1  1
   3   55453.22945801049      -70093.01543707922       0  0  0  0  0  1  1  1
   3  0.1491971828472979E-04 -0.7883231327552465E-05   0  0  0  0  0  0  2  1
   3  0.7886617563794937E-11 -0.3186664455107335E-11   0  0  0  0  1  0  0  2
   3 -0.7506110153461318E-11  0.2524513164213812E-11   0  0  0  0  0  1  0  2
   3   30.01961544706469      -22.92873814916933       0  0  0  0  0  0  1  2
  -153   0.000000000000000       0.000000000000000       0  0  0  0  0  0  0  0

          1, NO =    3, NV =    8, INA =  657
 *********************************************

    I  COEFFICIENT          ORDER   EXPONENTS
      NO =     3      NV =     8
   1   1.000000000000000       0.000000000000000       0  0  0  0  1  0  0  0
   2 -0.8267268115999213      0.7925502278973985       2  0  0  0  0  0  0  0
   2  -1.462742458126353       510.1424491237635       1  1  0  0  0  0  0  0
   2 -0.8131803284211633     -0.6997579137145385       0  2  0  0  0  0  0  0
   2  0.1336887912376768E-10 -0.1286136535617123E-11   1  0  1  0  0  0  0  0
   2  0.2980587404884112E-09 -0.3978148672349014E-09   0  1  1  0  0  0  0  0
   2  0.7455309665285439      0.3080068122705161       0  0  2  0  0  0  0  0
   2 -0.2781797163566590E-09 -0.4083824497463005E-09   1  0  0  1  0  0  0  0
   2  0.1305864265483114E-10  0.1061899982523209E-11   0  1  0  1  0  0  0  0
   2   1.676395813027939       179.7879595862253       0  0  1  1  0  0  0  0
   2  0.7506606887984485     -0.2853825531840796       0  0  0  2  0  0  0  0
   2 -0.2406756985394018     -0.1282726855381887       1  0  0  0  1  0  0  0
   2  0.2406756985394340     -0.1282726855381225       0  1  0  0  1  0  0  0
   2  0.4371140281000303E-12  0.5575561931723464E-12   0  0  1  0  1  0  0  0
   2 -0.4319716171189558E-12  0.5749116641418671E-12   0  0  0  1  1  0  0  0
   2  0.2048277983359180      0.1260693088810272       1  0  0  0  0  1  0  0
   2 -0.2765953681803313      0.1304718400626991       0  1  0  0  0  1  0  0
   2 -0.3495242998492516E-12 -0.5277602888384558E-12   0  0  1  0  0  1  0  0
   2  0.5197140072003185E-12 -0.6048656029519091E-12   0  0  0  1  0  1  0  0
   2  0.1607698662303435E-10  0.2946838969534228E-10   1  0  0  0  0  0  1  0
   2  0.1595417171328445E-10 -0.2951836612913168E-10   0  1  0  0  0  0  1  0
   2   1.304049570351201       6.942376257006944       0  0  1  0  0  0  1  0
   2   1.270264581872796      -6.943039326882096       0  0  0  1  0  0  1  0
   2 -0.1341847297203456      0.1965886827881777       1  0  0  0  0  0  0  1
   2 -0.1361123979895559     -0.2280805757848462       0  1  0  0  0  0  0  1
   2  0.5286507444177420E-12 -0.3231913793964859E-12   0  0  1  0  0  0  0  1
   2  0.5751414853987673E-12  0.3949244289425665E-12   0  0  0  1  0  0  0  1
   2  0.4484014687681607E-02   1.477654023541434       0  0  0  0  2  0  0  0
   2 -0.8968029375452850E-02   2.955308047082867       0  0  0  0  1  1  0  0
   2  0.4483902717890671E-02 -0.4921493748556886       0  0  0  0  0  2  0  0
   2  0.2684856746414160E-13 -0.2250387729285388E-12   0  0  0  0  0  1  1  0
   2  0.6692609504578807       310.5603229572025       0  0  0  0  0  0  2  0
   2   1.348107096817402      0.9647887078061813E-02   0  0  0  0  0  1  0  1
   2 -0.3320185553407070E-12  0.9194932830788369E-13   0  0  0  0  0  0  1  1
   3  -5375.425286847435       3343.159237034073       3  0  0  0  0  0  0  0
   3  -5307.386236342046       10475.95671519256       2  1  0  0  0  0  0  0
   3   5444.297130118784       10858.84001596779       1  2  0  0  0  0  0  0
   3   5456.048485451031       3402.030858281359       0  3  0  0  0  0  0  0
   3  0.1330595011525947E-06 -0.1127097966845300E-07   2  0  1  0  0  0  0  0
   3  0.6918504211628647E-07  0.3633777823479022E-08   1  1  1  0  0  0  0  0
   3 -0.5906106011210366E-07 -0.1409380581855425E-07   0  2  1  0  0  0  0  0
   3   8534.122880885061       2234.369825116267       1  0  2  0  0  0  0  0
   3  -1317.568306548063      -1046.923105533247       0  1  2  0  0  0  0  0
   3 -0.1790958188573303E-07 -0.1455019004051820E-07   0  0  3  0  0  0  0  0
   3  0.5869555882200409E-07 -0.1348007529326625E-07   2  0  0  1  0  0  0  0
   3 -0.7042738735364428E-07  0.2772841419622291E-08   1  1  0  1  0  0  0  0
   3 -0.1346090294603787E-06 -0.1123260069901160E-07   0  2  0  1  0  0  0  0
   3   10362.36881625315       7174.880817061425       1  0  1  1  0  0  0  0
   3  -10406.04378070362       7308.001094234298       0  1  1  1  0  0  0  0
   3 -0.1263412560965780E-07 -0.2722664726460689E-07   0  0  2  1  0  0  0  0
   3   1365.392775855115      -1063.391763382228       1  0  0  2  0  0  0  0
   3  -8594.559003696482       2277.687798223402       0  1  0  2  0  0  0  0
   3  0.1251227717181611E-07 -0.2768555276318536E-07   0  0  1  2  0  0  0  0
   3  0.1802237965286779E-07 -0.1474664342674502E-07   0  0  0  3  0  0  0  0
   3  -1520.403974486386      -1670.826961473906       2  0  0  0  1  0  0  0
   3 -0.6401403527406728     -0.5775495486287285E-01   1  1  0  0  1  0  0  0
   3  -1524.831676446132       1674.974792899318       0  2  0  0  1  0  0  0
   3  0.3100175737937987E-08  0.1693402057150792E-07   1  0  1  0  1  0  0  0
   3  0.8774127160191438E-09  0.4034616292760882E-09   0  1  1  0  1  0  0  0
   3  -212.9133239609073       538.3915501461618       0  0  2  0  1  0  0  0
   3  0.8497521531980434E-09 -0.3921583396158016E-09   1  0  0  1  1  0  0  0
   3  0.3129031724097236E-08 -0.1676021269239217E-07   0  1  0  1  1  0  0  0
   3 -0.2299978835753791E-01 -0.3050272593172485       0  0  1  1  1  0  0  0
   3  -213.7893312803557      -537.4457204457323       0  0  0  2  1  0  0  0
   3  -7.813732473766288      -8.506344710289106       2  0  0  0  0  1  0  0
   3  -2012.848311481733      -11.47260751774543       1  1  0  0  0  1  0  0
   3   8.377755087388268      -8.568078584234083       0  2  0  0  0  1  0  0
   3  0.1180081540799869E-11  0.1896822401803743E-09   1  0  1  0  0  1  0  0
   3  0.1529606796115223E-08  0.1569078731968951E-08   0  1  1  0  0  1  0  0
   3  -2.621637808549751       5.468613793502191       0  0  2  0  0  1  0  0
   3  0.1564492130750305E-08 -0.1401374367628529E-08   1  0  0  1  0  1  0  0
   3  0.8974729877544778E-11  0.2136019391303420E-09   0  1  0  1  0  1  0  0
   3  -709.2218791079927       13.51919271024583       0  0  1  1  0  1  0  0
   3   2.931935530409351       5.379343748368826       0  0  0  2  0  1  0  0
   3  0.4708060372846369E-05 -0.1130560278012837E-05   2  0  0  0  0  0  1  0
   3  0.7631666930887117E-05 -0.3148432369610952E-03   1  1  0  0  0  0  1  0
   3  0.4851918093370382E-05  0.6696775052915865E-06   0  2  0  0  0  0  1  0
   3   1213097.796517398      -393002.7711306282       1  0  1  0  0  0  1  0
   3   12933353.01091796      -120475525.1613918       0  1  1  0  0  0  1  0
   3 -0.4942907763092796E-05  0.1141775597917255E-06   0  0  2  0  0  0  1  0
   3  -10641987.92557291      -120699553.3908887       1  0  0  1  0  0  1  0
   3   1224644.945599519       253255.9195115543       0  1  0  1  0  0  1  0
   3 -0.7632595931185095E-05  0.3148431952203229E-03   0  0  1  1  0  0  1  0
   3 -0.4786303802419581E-05  0.1989979331621497E-06   0  0  0  2  0  0  1  0
   3  -868.3655040752853       624.9378632829091       2  0  0  0  0  0  0  1
   3   1.657713434442483      -688.8204329209057       1  1  0  0  0  0  0  1
   3   875.3680027843625       639.6175551144630       0  2  0  0  0  0  0  1
   3  0.8739838426521052E-08  0.5720545948509473E-09   1  0  1  0  0  0  0  1
   3 -0.6324587800935538E-08  0.3287605244357701E-08   0  1  1  0  0  0  0  1
   3   279.8631141252038       262.5592076432782       0  0  2  0  0  0  0  1
   3  0.6147739869334892E-08  0.3426839533810405E-08   1  0  0  1  0  0  0  1
   3 -0.9029948291007474E-08  0.5806832567314867E-09   0  1  0  1  0  0  0  1
   3  -5.894155163286136      -242.7134184928291       0  0  1  1  0  0  0  1
   3  -279.6480040718758       270.8027539318604       0  0  0  2  0  0  0  1
   3   99.31704470312259      -194.9272452776247       1  0  0  0  2  0  0  0
   3  -96.98008375015615      -173.6869830373816       0  1  0  0  2  0  0  0
   3 -0.4449525479118852E-09  0.3584876855687692E-09   0  0  1  0  2  0  0  0
   3  0.4217052724651271E-09  0.3076313725204894E-09   0  0  0  1  2  0  0  0
   3  -63.49610929120581       103.6374297129714       1  0  0  0  1  1  0  0
   3   67.35732647209828       141.9549931028195       0  1  0  0  1  1  0  0
   3  0.2664029576889902E-09 -0.1784457013509642E-09   0  0  1  0  1  1  0  0
   3 -0.3112782531697026E-09 -0.2651729150431868E-09   0  0  0  1  1  1  0  0
   3  -32.55471825876872       52.66478026228599       1  0  0  0  0  2  0  0
   3   32.86947235537011       70.11082192557346       0  1  0  0  0  2  0  0
   3  0.1341753268589248E-09 -0.8984270974929303E-10   0  0  1  0  0  2  0  0
   3 -0.1547342506381143E-09 -0.1320147467198565E-09   0  0  0  1  0  2  0  0
   3  0.1686069857588440E-06  0.1938145162329215E-06   1  0  0  0  1  0  1  0
   3 -0.1885545408900815E-06  0.1888193739748739E-06   0  1  0  0  1  0  1  0
   3   80724.41555353567       55893.62055827177       0  0  1  0  1  0  1  0
   3  -85718.09209340918       54968.25797760583       0  0  0  1  1  0  1  0
   3 -0.1463983374996284E-06 -0.1802732646027176E-06   1  0  0  0  0  1  1  0
   3  0.2112994457220841E-06 -0.2023217275613015E-06   0  1  0  0  0  1  1  0
   3  -70266.92794353112      -53338.13836396050       0  0  1  0  0  1  1  0
   3   96311.36286219036      -57504.47115238605       0  0  0  1  0  1  1  0
   3   727062.1621979666       2504423.021320587       1  0  0  0  0  0  2  0
   3   708117.1518429013      -2472986.963126642       0  1  0  0  0  0  2  0
   3 -0.4806790983058256E-05 -0.1137401140844720E-04   0  0  1  0  0  0  2  0
   3 -0.4779940962389575E-05  0.1130226304129663E-04   0  0  0  1  0  0  2  0
   3  -217.4637385879393      -138.4253109105976       1  0  0  0  1  0  0  1
   3  -215.9886255270027       137.3318635368852       0  1  0  0  1  0  0  1
   3  0.3689063849126904E-09  0.5551663110510856E-09   0  0  1  0  1  0  0  1
   3  0.3653540251328112E-09 -0.5710683182083098E-09   0  0  0  1  1  0  0  1
   3 -0.9222209844803919     -0.5733319267448851       1  0  0  0  0  1  0  1
   3  0.9498316831276392     -0.4637292989329337       0  1  0  0  0  1  0  1
   3  0.2389004382894556E-11  0.3998718430795092E-11   0  0  1  0  0  1  0  1
   3 -0.3756746986625790E-11  0.5149281270205097E-11   0  0  0  1  0  1  0  1
   3  0.1883652476993446E-06 -0.1236033125172326E-06   1  0  0  0  0  0  1  1
   3  0.1891267883287817E-06  0.1782122406892039E-06   0  1  0  0  0  0  1  1
   3   56549.29794751049      -63831.69714966021       0  0  1  0  0  0  1  1
   3   57386.94324350717       81502.03525987072       0  0  0  1  0  0  1  1
   3  0.3543550438519402E-01 -0.2090817488984961       1  0  0  0  0  0  0  2
   3 -0.9300223858861034E-02  0.2066106892204516       0  1  0  0  0  0  0  2
   3 -0.5758521949326056E-11  0.5502688022014955E-12   0  0  1  0  0  0  0  2
   3 -0.6278192677324043E-11 -0.9919699098800038E-12   0  0  0  1  0  0  0  2
   3  -5.830294550701359      0.3534610422477979E-01   0  0  0  0  3  0  0  0
   3  -3.864660813675323     -0.3938365677686804E-12   0  0  0  0  2  1  0  0
   3  -5.830294550701347     -0.3534610422513611E-01   0  0  0  0  1  2  0  0
   3 -0.1998401444325282E-14  0.4367339823119210E-13   0  0  0  0  0  3  0  0
   3 -0.5550420217376131E-12  0.1139970932132057E-12   0  0  0  0  2  0  1  0
   3  0.2279643591266603E-12 -0.3664784020141013E-13   0  0  0  0  1  1  1  0
   3  0.3370304864371877E-12  0.2845562526297267E-13   0  0  0  0  0  2  1  0
   3 -0.7776617319473189E-01  -1.866999413803333       0  0  0  0  1  0  2  0
   3  -1225.768040577479       7.142263998643573       0  0  0  0  0  1  2  0
   3 -0.6957215609068361E-10 -0.8593402083197814E-11   0  0  0  0  0  0  3  0
   3  0.1243417490108687E-01   4.667328931065800       0  0  0  0  2  0  0  1
   3  0.1318408877904696E-01  -1.350688112892125       0  0  0  0  1  1  0  1
   3 -0.2559678607755932E-01   1.995995619292092       0  0  0  0  0  2  0  1
   3  0.1232944374449613E-12 -0.1959953088639504E-11   0  0  0  0  1  0  1  1
   3 -0.3734830817291141E-12 -0.6530312714300701E-12   0  0  0  0  0  1  1  1
   3  -1.098578331670276      -419.5822439295635       0  0  0  0  0  0  2  1
   3   1.831380508260818      0.1813285710666216E-14   0  0  0  0  1  0  0  2
   3  0.1984523656484607E-14  0.5637851314448729E-16   0  0  0  0  0  1  0  2
   3 -0.4524729048855619E-12 -0.1698894501183914E-12   0  0  0  0  0  0  1  2
  -153   0.000000000000000       0.000000000000000       0  0  0  0  0  0  0  0

          1, NO =    3, NV =    8, INA =  658
 *********************************************

    I  COEFFICIENT          ORDER   EXPONENTS
      NO =     3      NV =     8
   1   1.000000000000000       0.000000000000000       0  0  0  0  0  1  0  0
   2 -0.8131803284211633      0.6997579137145385       2  0  0  0  0  0  0  0
   2  -1.462742458126342      -510.1424491237636       1  1  0  0  0  0  0  0
   2 -0.8267268115999213     -0.7925502278973985       0  2  0  0  0  0  0  0
   2  0.1305864265483114E-10 -0.1061899982523209E-11   1  0  1  0  0  0  0  0
   2 -0.2781797163566590E-09  0.4083824497463005E-09   0  1  1  0  0  0  0  0
   2  0.7506606887984485      0.2853825531840796       0  0  2  0  0  0  0  0
   2  0.2980587404884112E-09  0.3978148672349014E-09   1  0  0  1  0  0  0  0
   2  0.1336887912376768E-10  0.1286136535617124E-11   0  1  0  1  0  0  0  0
   2   1.676395813027945      -179.7879595862253       0  0  1  1  0  0  0  0
   2  0.7455309665285439     -0.3080068122705161       0  0  0  2  0  0  0  0
   2 -0.2765953681803313     -0.1304718400626991       1  0  0  0  1  0  0  0
   2  0.2048277983359180     -0.1260693088810272       0  1  0  0  1  0  0  0
   2  0.5197140072003185E-12  0.6048656029519091E-12   0  0  1  0  1  0  0  0
   2 -0.3495242998492515E-12  0.5277602888384558E-12   0  0  0  1  1  0  0  0
   2  0.2406756985394340      0.1282726855381225       1  0  0  0  0  1  0  0
   2 -0.2406756985394018      0.1282726855381887       0  1  0  0  0  1  0  0
   2 -0.4319716171189559E-12 -0.5749116641418672E-12   0  0  1  0  0  1  0  0
   2  0.4371140281000304E-12 -0.5575561931723463E-12   0  0  0  1  0  1  0  0
   2  0.1595417171328445E-10  0.2951836612913168E-10   1  0  0  0  0  0  1  0
   2  0.1607698662303435E-10 -0.2946838969534228E-10   0  1  0  0  0  0  1  0
   2   1.270264581872796       6.943039326882095       0  0  1  0  0  0  1  0
   2   1.304049570351201      -6.942376257006944       0  0  0  1  0  0  1  0
   2 -0.1361123979895559      0.2280805757848462       1  0  0  0  0  0  0  1
   2 -0.1341847297203456     -0.1965886827881777       0  1  0  0  0  0  0  1
   2  0.5751414853987673E-12 -0.3949244289425664E-12   0  0  1  0  0  0  0  1
   2  0.5286507444177421E-12  0.3231913793964859E-12   0  0  0  1  0  0  0  1
   2  0.4483902717890664E-02  0.4921493748556886       0  0  0  0  2  0  0  0
   2 -0.8968029375452836E-02  -2.955308047082867       0  0  0  0  1  1  0  0
   2  0.4484014687681600E-02  -1.477654023541434       0  0  0  0  0  2  0  0
   2  0.2684856746414161E-13  0.2250387729285389E-12   0  0  0  0  1  0  1  0
   2  0.6692609504578807      -310.5603229572025       0  0  0  0  0  0  2  0
   2   1.348107096817402     -0.9647887078061827E-02   0  0  0  0  1  0  0  1
   2 -0.3320185553407070E-12 -0.9194932830788369E-13   0  0  0  0  0  0  1  1
   3   5456.048485451032      -3402.030858281360       3  0  0  0  0  0  0  0
   3   5444.297130118786      -10858.84001596779       2  1  0  0  0  0  0  0
   3  -5307.386236342046      -10475.95671519257       1  2  0  0  0  0  0  0
   3  -5375.425286847437      -3343.159237034074       0  3  0  0  0  0  0  0
   3 -0.1346090294603787E-06  0.1123260069901160E-07   2  0  1  0  0  0  0  0
   3 -0.7042738735364430E-07 -0.2772841419622295E-08   1  1  1  0  0  0  0  0
   3  0.5869555882200411E-07  0.1348007529326625E-07   0  2  1  0  0  0  0  0
   3  -8594.559003696484      -2277.687798223403       1  0  2  0  0  0  0  0
   3   1365.392775855115       1063.391763382228       0  1  2  0  0  0  0  0
   3  0.1802237965286780E-07  0.1474664342674502E-07   0  0  3  0  0  0  0  0
   3 -0.5906106011210368E-07  0.1409380581855425E-07   2  0  0  1  0  0  0  0
   3  0.6918504211628648E-07 -0.3633777823479012E-08   1  1  0  1  0  0  0  0
   3  0.1330595011525947E-06  0.1127097966845301E-07   0  2  0  1  0  0  0  0
   3  -10406.04378070363      -7308.001094234300       1  0  1  1  0  0  0  0
   3   10362.36881625316      -7174.880817061426       0  1  1  1  0  0  0  0
   3  0.1251227717181612E-07  0.2768555276318537E-07   0  0  2  1  0  0  0  0
   3  -1317.568306548063       1046.923105533247       1  0  0  2  0  0  0  0
   3   8534.122880885063      -2234.369825116267       0  1  0  2  0  0  0  0
   3 -0.1263412560965781E-07  0.2722664726460689E-07   0  0  1  2  0  0  0  0
   3 -0.1790958188573304E-07  0.1455019004051820E-07   0  0  0  3  0  0  0  0
   3   8.377755087388463       8.568078584234435       2  0  0  0  1  0  0  0
   3  -2012.848311481733       11.47260751774538       1  1  0  0  1  0  0  0
   3  -7.813732473765970       8.506344710288561       0  2  0  0  1  0  0  0
   3  0.8974729877544946E-11 -0.2136019391303437E-09   1  0  1  0  1  0  0  0
   3  0.1564492130750347E-08  0.1401374367628490E-08   0  1  1  0  1  0  0  0
   3   2.931935530409337      -5.379343748368996       0  0  2  0  1  0  0  0
   3  0.1529606796115251E-08 -0.1569078731968935E-08   1  0  0  1  1  0  0  0
   3  0.1180081540800201E-11 -0.1896822401803737E-09   0  1  0  1  1  0  0  0
   3  -709.2218791079978      -13.51919271024607       0  0  1  1  1  0  0  0
   3  -2.621637808549723      -5.468613793502191       0  0  0  2  1  0  0  0
   3  -1524.831676446132      -1674.974792899318       2  0  0  0  0  1  0  0
   3 -0.6401403527418097      0.5775495486288912E-01   1  1  0  0  0  1  0  0
   3  -1520.403974486386       1670.826961473907       0  2  0  0  0  1  0  0
   3  0.3129031724097236E-08  0.1676021269239217E-07   1  0  1  0  0  1  0  0
   3  0.8497521531979679E-09  0.3921583396156990E-09   0  1  1  0  0  1  0  0
   3  -213.7893312803557       537.4457204457324       0  0  2  0  0  1  0  0
   3  0.8774127160190862E-09 -0.4034616292761109E-09   1  0  0  1  0  1  0  0
   3  0.3100175737937989E-08 -0.1693402057150793E-07   0  1  0  1  0  1  0  0
   3 -0.2299978836310856E-01  0.3050272593173657       0  0  1  1  0  1  0  0
   3  -212.9133239609074      -538.3915501461619       0  0  0  2  0  1  0  0
   3  0.4851918093370382E-05 -0.6696775052915864E-06   2  0  0  0  0  0  1  0
   3  0.7631666930887122E-05  0.3148432369610952E-03   1  1  0  0  0  0  1  0
   3  0.4708060372846369E-05  0.1130560278012837E-05   0  2  0  0  0  0  1  0
   3   1224644.945599519      -253255.9195115543       1  0  1  0  0  0  1  0
   3  -10641987.92557291       120699553.3908887       0  1  1  0  0  0  1  0
   3 -0.4786303802419581E-05 -0.1989979331621498E-06   0  0  2  0  0  0  1  0
   3   12933353.01091796       120475525.1613919       1  0  0  1  0  0  1  0
   3   1213097.796517398       393002.7711306282       0  1  0  1  0  0  1  0
   3 -0.7632595931185108E-05 -0.3148431952203229E-03   0  0  1  1  0  0  1  0
   3 -0.4942907763092798E-05 -0.1141775597917258E-06   0  0  0  2  0  0  1  0
   3   875.3680027843627      -639.6175551144631       2  0  0  0  0  0  0  1
   3   1.657713434442475       688.8204329209054       1  1  0  0  0  0  0  1
   3  -868.3655040752856      -624.9378632829092       0  2  0  0  0  0  0  1
   3 -0.9029948291007475E-08 -0.5806832567314869E-09   1  0  1  0  0  0  0  1
   3  0.6147739869334901E-08 -0.3426839533810403E-08   0  1  1  0  0  0  0  1
   3  -279.6480040718760      -270.8027539318605       0  0  2  0  0  0  0  1
   3 -0.6324587800935531E-08 -0.3287605244357705E-08   1  0  0  1  0  0  0  1
   3  0.8739838426521055E-08 -0.5720545948509471E-09   0  1  0  1  0  0  0  1
   3  -5.894155163286145       242.7134184928289       0  0  1  1  0  0  0  1
   3   279.8631141252038      -262.5592076432782       0  0  0  2  0  0  0  1
   3   32.86947235537010      -70.11082192557345       1  0  0  0  2  0  0  0
   3  -32.55471825876871      -52.66478026228597       0  1  0  0  2  0  0  0
   3 -0.1547342506381143E-09  0.1320147467198565E-09   0  0  1  0  2  0  0  0
   3  0.1341753268589247E-09  0.8984270974929303E-10   0  0  0  1  2  0  0  0
   3   67.35732647209831      -141.9549931028194       1  0  0  0  1  1  0  0
   3  -63.49610929120578      -103.6374297129714       0  1  0  0  1  1  0  0
   3 -0.3112782531697025E-09  0.2651729150431869E-09   0  0  1  0  1  1  0  0
   3  0.2664029576889904E-09  0.1784457013509642E-09   0  0  0  1  1  1  0  0
   3  -96.98008375015615       173.6869830373816       1  0  0  0  0  2  0  0
   3   99.31704470312259       194.9272452776248       0  1  0  0  0  2  0  0
   3  0.4217052724651271E-09 -0.3076313725204894E-09   0  0  1  0  0  2  0  0
   3 -0.4449525479118852E-09 -0.3584876855687692E-09   0  0  0  1  0  2  0  0
   3  0.2112994457220840E-06  0.2023217275613015E-06   1  0  0  0  1  0  1  0
   3 -0.1463983374996283E-06  0.1802732646027176E-06   0  1  0  0  1  0  1  0
   3   96311.36286219036       57504.47115238605       0  0  1  0  1  0  1  0
   3  -70266.92794353112       53338.13836396050       0  0  0  1  1  0  1  0
   3 -0.1885545408900815E-06 -0.1888193739748740E-06   1  0  0  0  0  1  1  0
   3  0.1686069857588440E-06 -0.1938145162329214E-06   0  1  0  0  0  1  1  0
   3  -85718.09209340920      -54968.25797760583       0  0  1  0  0  1  1  0
   3   80724.41555353567      -55893.62055827177       0  0  0  1  0  1  1  0
   3   708117.1518429011       2472986.963126641       1  0  0  0  0  0  2  0
   3   727062.1621979666      -2504423.021320587       0  1  0  0  0  0  2  0
   3 -0.4779940962389576E-05 -0.1130226304129662E-04   0  0  1  0  0  0  2  0
   3 -0.4806790983058256E-05  0.1137401140844720E-04   0  0  0  1  0  0  2  0
   3  0.9498316831276623      0.4637292989329551       1  0  0  0  1  0  0  1
   3 -0.9222209844803602      0.5733319267448580       0  1  0  0  1  0  0  1
   3 -0.3756746986625866E-11 -0.5149281270205198E-11   0  0  1  0  1  0  0  1
   3  0.2389004382894514E-11 -0.3998718430795119E-11   0  0  0  1  1  0  0  1
   3  -215.9886255270028      -137.3318635368852       1  0  0  0  0  1  0  1
   3  -217.4637385879393       138.4253109105976       0  1  0  0  0  1  0  1
   3  0.3653540251328112E-09  0.5710683182083098E-09   0  0  1  0  0  1  0  1
   3  0.3689063849126904E-09 -0.5551663110510857E-09   0  0  0  1  0  1  0  1
   3  0.1891267883287817E-06 -0.1782122406892039E-06   1  0  0  0  0  0  1  1
   3  0.1883652476993447E-06  0.1236033125172326E-06   0  1  0  0  0  0  1  1
   3   57386.94324350717      -81502.03525987072       0  0  1  0  0  0  1  1
   3   56549.29794751049       63831.69714966021       0  0  0  1  0  0  1  1
   3 -0.9300223858861006E-02 -0.2066106892204517       1  0  0  0  0  0  0  2
   3  0.3543550438519405E-01  0.2090817488984962       0  1  0  0  0  0  0  2
   3 -0.6278192677324044E-11  0.9919699098800026E-12   0  0  1  0  0  0  0  2
   3 -0.5758521949326054E-11 -0.5502688022014964E-12   0  0  0  1  0  0  0  2
   3 -0.1776356839400250E-14 -0.4365952044338428E-13   0  0  0  0  3  0  0  0
   3  -5.830294550701348      0.3534610422513598E-01   0  0  0  0  2  1  0  0
   3  -3.864660813675326      0.3939355411029089E-12   0  0  0  0  1  2  0  0
   3  -5.830294550701360     -0.3534610422477978E-01   0  0  0  0  0  3  0  0
   3  0.3370304864371874E-12 -0.2845562526297267E-13   0  0  0  0  2  0  1  0
   3  0.2279643591266619E-12  0.3664784020140933E-13   0  0  0  0  1  1  1  0
   3 -0.5550420217376126E-12 -0.1139970932132065E-12   0  0  0  0  0  2  1  0
   3  -1225.768040577479      -7.142263998643583       0  0  0  0  1  0  2  0
   3 -0.7776617319484558E-01   1.866999413803339       0  0  0  0  0  1  2  0
   3 -0.6957215609068363E-10  0.8593402083197815E-11   0  0  0  0  0  0  3  0
   3 -0.2559678607755931E-01  -1.995995619292092       0  0  0  0  2  0  0  1
   3  0.1318408877904691E-01   1.350688112892125       0  0  0  0  1  1  0  1
   3  0.1243417490108684E-01  -4.667328931065801       0  0  0  0  0  2  0  1
   3 -0.3734830817291106E-12  0.6530312714300741E-12   0  0  0  0  1  0  1  1
   3  0.1232944374449614E-12  0.1959953088639506E-11   0  0  0  0  0  1  1  1
   3  -1.098578331670272       419.5822439295634       0  0  0  0  0  0  2  1
   3  0.1984523656484607E-14 -0.5637851314448729E-16   0  0  0  0  1  0  0  2
   3   1.831380508260818     -0.1854953397884388E-14   0  0  0  0  0  1  0  2
   3 -0.4524729048855602E-12  0.1698894501183906E-12   0  0  0  0  0  0  1  2
  -153   0.000000000000000       0.000000000000000       0  0  0  0  0  0  0  0
  No Spin Matrix 
  c_quaternion is identity 
 No Stochastic Radiation