DAMap{Float64, TPS, TPS, Float64}:
Reference Orbit Vector{Float64}:
1:   0.0
2:   0.0
3:   0.0
4:   0.0
5:   0.0
6:   0.0

Orbital Ray Vector{TPS}:
  Out  Coefficient                Order   Exponent
--------------------------------------------------------------------
   1:  -6.9948259826749737e-01      1      1   0   0   0   0   0
   1:  -3.0823754967648571e+00      1      0   1   0   0   0   0
   1:   1.4112329347395891e+01      1      0   0   0   0   0   1
   1:  -4.6447723836736031e+01      2      2   0   0   0   0   0
   1:   7.7727312533195641e+02      2      1   1   0   0   0   0
   1:  -3.9815830663142942e+03      2      0   2   0   0   0   0
   1:  -1.4787295188255964e+01      2      0   0   2   0   0   0
   1:  -2.0336574140851010e+02      2      0   0   1   1   0   0
   1:  -1.1828693327441108e+03      2      0   0   0   2   0   0
   1:   1.7030663631194675e+03      2      1   0   0   0   0   1
   1:  -1.4704695904337696e+04      2      0   1   0   0   0   1
   1:  -4.1948013372475862e+03      2      0   0   0   0   0   2
--------------------------------------------------------------------
   2:   4.0618755977330390e-02      1      1   0   0   0   0   0
   2:  -1.2506354611724793e+00      1      0   1   0   0   0   0
   2:   1.0842130889906363e+00      1      0   0   0   0   0   1
   2:  -4.6266300965392038e+00      2      2   0   0   0   0   0
   2:   8.0179909108415700e+01      2      1   1   0   0   0   0
   2:  -2.8698844362542093e+02      2      0   2   0   0   0   0
   2:  -2.1217865633418489e+00      2      0   0   2   0   0   0
   2:  -1.2973436517626645e+01      2      0   0   1   1   0   0
   2:  -9.8235557590979852e+01      2      0   0   0   2   0   0
   2:   2.0978864729001123e+02      2      1   0   0   0   0   1
   2:  -1.2666238560850040e+03      2      0   1   0   0   0   1
   2:  -7.9695632428550539e+02      2      0   0   0   0   0   2
--------------------------------------------------------------------
   3:  -1.2201713941894825e+00      1      0   0   1   0   0   0
   3:  -2.6918588998233748e+00      1      0   0   0   1   0   0
   3:   9.9279178330357194e+00      2      1   0   1   0   0   0
   3:  -1.9718698590978141e+02      2      0   1   1   0   0   0
   3:   2.3827244388334390e+02      2      1   0   0   1   0   0
   3:  -2.2941666114659374e+03      2      0   1   0   1   0   0
   3:  -2.8222741899916065e+02      2      0   0   1   0   0   1
   3:  -4.6067072784472502e+03      2      0   0   0   1   0   1
--------------------------------------------------------------------
   4:   4.0618755977329835e-02      1      0   0   1   0   0   0
   4:  -7.2994666525049978e-01      1      0   0   0   1   0   0
   4:  -3.7477098052151323e+00      2      1   0   1   0   0   0
   4:   2.6157174200819497e+01      2      0   1   1   0   0   0
   4:  -2.2139092008785184e+01      2      1   0   0   1   0   0
   4:   2.5204131172826328e+02      2      0   1   0   1   0   0
   4:   8.1473836744880913e+01      2      0   0   1   0   0   1
   4:   5.0193420170632925e+02      2      0   0   0   1   0   1
--------------------------------------------------------------------
   5:   1.3316134505963948e+00      1      1   0   0   0   0   0
   5:  -1.4307427662821953e+01      1      0   1   0   0   0   0
   5:   1.0000000000000000e+00      1      0   0   0   0   1   0
   5:  -3.6703055231890751e+01      1      0   0   0   0   0   1
   5:   9.3026675001771480e+01      2      2   0   0   0   0   0
   5:  -1.1944722123644169e+03      2      1   1   0   0   0   0
   5:   7.5098109431170487e+03      2      0   2   0   0   0   0
   5:   3.0063387361380489e+01      2      0   0   2   0   0   0
   5:   4.6273342566826960e+02      2      0   0   1   1   0   0
   5:   2.2530432026161520e+03      2      0   0   0   2   0   0
   5:  -3.4156974302845674e+02      2      1   0   0   0   0   1
   5:   3.6473080707020749e+03      2      0   1   0   0   0   1
   5:   1.9800460195885673e+03      2      0   0   0   0   0   2
--------------------------------------------------------------------
   6:   1.3316134505963949e-04      1      1   0   0   0   0   0
   6:  -1.4307427662821953e-03      1      0   1   0   0   0   0
   6:   1.0000000000000000e-04      1      0   0   0   0   1   0
   6:   9.9632969447681097e-01      1      0   0   0   0   0   1
   6:   9.3026675001771485e-03      2      2   0   0   0   0   0
   6:  -1.1944722123644169e-01      2      1   1   0   0   0   0
   6:   7.5098109431170490e-01      2      0   2   0   0   0   0
   6:   3.0063387361380488e-03      2      0   0   2   0   0   0
   6:   4.6273342566826962e-02      2      0   0   1   1   0   0
   6:   2.2530432026161520e-01      2      0   0   0   2   0   0
   6:  -3.4156974302845679e-02      2      1   0   0   0   0   1
   6:   3.6473080707020750e-01      2      0   1   0   0   0   1
   6:   1.9800460195885675e-01      2      0   0   0   0   0   2

Quaternion{TPS}:
  Out  Coefficient                Order   Exponent
--------------------------------------------------------------------
  q0:   7.5244162913106927e-01      0      0   0   0   0   0   0
  q0:   6.8148968625627774e+01      1      1   0   0   0   0   0
  q0:  -7.1771084773640860e+02      1      0   1   0   0   0   0
  q0:  -5.7731597280508140e-15      1      0   0   1   0   0   0
  q0:  -4.4408920985006262e-15      1      0   0   0   1   0   0
  q0:  -1.8606695188731896e+03      1      0   0   0   0   0   1
  q0:   7.4930449521669163e+02      2      2   0   0   0   0   0
  q0:   2.3316795574965596e+04      2      1   1   0   0   0   0
  q0:  -6.0990667916778228e+04      2      0   2   0   0   0   0
  q0:   4.2632564145606011e-13      2      1   0   1   0   0   0
  q0:  -8.9812601800076663e-12      2      0   1   1   0   0   0
  q0:   1.7815545217775439e+03      2      0   0   2   0   0   0
  q0:   1.0231815394945443e-12      2      1   0   0   1   0   0
  q0:  -1.0913936421275139e-11      2      0   1   0   1   0   0
  q0:   2.6616732586962153e+04      2      0   0   1   1   0   0
  q0:   1.3197205924459005e+05      2      0   0   0   2   0   0
  q0:   2.0085057504210886e+05      2      1   0   0   0   0   1
  q0:  -2.1206935850249045e+06      2      0   1   0   0   0   1
  q0:   9.0949470177292824e-13      2      0   0   1   0   0   1
  q0:   2.0008883439004421e-11      2      0   0   0   1   0   1
  q0:  -2.8935602996642301e+06      2      0   0   0   0   0   2
--------------------------------------------------------------------
  q1:  -1.2212453270876722e-15      0      0   0   0   0   0   0
  q1:   1.4210854715202004e-14      1      1   0   0   0   0   0
  q1:  -4.5474735088646412e-13      1      0   1   0   0   0   0
  q1:  -3.1910562680118701e+00      1      0   0   1   0   0   0
  q1:  -2.0260350536224565e+00      1      0   0   0   1   0   0
  q1:  -6.8212102632969618e-13      1      0   0   0   0   0   1
  q1:   1.5006662579253316e-11      2      2   0   0   0   0   0
  q1:  -9.8225427791476250e-11      2      1   1   0   0   0   0
  q1:   1.1059455573558807e-09      2      0   2   0   0   0   0
  q1:  -3.7363997677863324e+02      2      1   0   1   0   0   0
  q1:   3.6621158628391972e+03      2      0   1   1   0   0   0
  q1:   2.5011104298755527e-12      2      0   0   2   0   0   0
  q1:  -8.3380544617464000e+02      2      1   0   0   1   0   0
  q1:   8.9661709520452914e+03      2      0   1   0   1   0   0
  q1:   1.8189894035458565e-11      2      0   0   1   1   0   0
  q1:  -2.9103830456733704e-11      2      0   0   0   2   0   0
  q1:  -2.3283064365386963e-10      2      1   0   0   0   0   1
  q1:   3.7252902984619141e-09      2      0   1   0   0   0   1
  q1:   9.5714168037394520e+03      2      0   0   1   0   0   1
  q1:   2.2199269446551618e+04      2      0   0   0   1   0   1
  q1:   2.3283064365386963e-09      2      0   0   0   0   0   2
--------------------------------------------------------------------
  q2:  -6.5865893659053865e-01      0      0   0   0   0   0   0
  q2:   7.7852311913816777e+01      1      1   0   0   0   0   0
  q2:  -8.1990160539117039e+02      1      0   1   0   0   0   0
  q2:  -4.4408920985006262e-15      1      0   0   1   0   0   0
  q2:   2.7533531010703882e-14      1      0   0   0   1   0   0
  q2:  -2.1255996484350699e+03      1      0   0   0   0   0   1
  q2:   8.9825549521171833e+03      2      2   0   0   0   0   0
  q2:  -1.4453301493250835e+05      2      1   1   0   0   0   0
  q2:   8.3166234264913143e+05      2      0   2   0   0   0   0
  q2:   1.9895196601282805e-13      2      1   0   1   0   0   0
  q2:  -5.4569682106375694e-12      2      0   1   1   0   0   0
  q2:   2.0506382563277211e+03      2      0   0   2   0   0   0
  q2:   2.7284841053187847e-12      2      1   0   0   1   0   0
  q2:   7.2759576141834259e-12      2      0   1   0   1   0   0
  q2:   3.0439568983152873e+04      2      0   0   1   1   0   0
  q2:   1.5078345042370996e+05      2      0   0   0   2   0   0
  q2:  -2.1431003780545742e+05      2      1   0   0   0   0   1
  q2:   2.2507963432313669e+06      2      0   1   0   0   0   1
  q2:  -1.4551915228366852e-11      2      0   0   1   0   0   1
  q2:   2.9103830456733704e-11      2      0   0   0   1   0   1
  q2:   2.7524066483655791e+06      2      0   0   0   0   0   2
--------------------------------------------------------------------
  q3:   4.4408920985006262e-16      0      0   0   0   0   0   0
  q3:   1.1368683772161603e-13      1      1   0   0   0   0   0
  q3:  -1.1368683772161603e-12      1      0   1   0   0   0   0
  q3:   3.1824539084694883e+00      1      0   0   1   0   0   0
  q3:   4.8048818367019912e+00      1      0   0   0   1   0   0
  q3:  -2.7284841053187847e-12      1      0   0   0   0   0   1
  q3:   1.1167955449309375e-11      2      2   0   0   0   0   0
  q3:  -1.2107648217352107e-10      2      1   1   0   0   0   0
  q3:   1.3390888398134848e-10      2      0   2   0   0   0   0
  q3:   1.9084663076845828e+02      2      1   0   1   0   0   0
  q3:  -2.0081973695217735e+03      2      0   1   1   0   0   0
  q3:   3.5207392556912964e-12      2      0   0   2   0   0   0
  q3:  -1.0546258715086999e+03      2      1   0   0   1   0   0
  q3:   9.3116753598219548e+03      2      0   1   0   1   0   0
  q3:   3.9847236621426418e-11      2      0   0   1   1   0   0
  q3:   3.2426328289147932e-10      2      0   0   0   2   0   0
  q3:   1.5205614545266144e-10      2      1   0   0   0   0   1
  q3:  -9.8134478321298957e-10      2      0   1   0   0   0   1
  q3:  -5.1357054917924179e+03      2      0   0   1   0   0   1
  q3:   2.2191153713857460e+04      2      0   0   0   1   0   1
  q3:  -2.9358488973230124e-09      2      0   0   0   0   0   2
