             4  Dimensional TPSA/DA map 

          1, NO =    6, NV =    4, INA =  467
 *********************************************

    I  COEFFICIENT          ORDER   EXPONENTS
      NO =     6      NV =     4
   1 -0.5432280161011959       0.000000000000000       1  0  0  0
   1 -0.8395852086136067       0.000000000000000       0  1  0  0
   2   34.82905314526532       0.000000000000000       2  0  0  0
   2  -56.90378128800374       0.000000000000000       1  1  0  0
   2   52.01672244476259       0.000000000000000       0  2  0  0
   2   50.97626740945344       0.000000000000000       0  0  2  0
   2  -34.91876584543088       0.000000000000000       0  0  1  1
   2  -15.62724644647616       0.000000000000000       0  0  0  2
   3   1678.835761151025       0.000000000000000       3  0  0  0
   3  -4629.325997061603       0.000000000000000       2  1  0  0
   3  -21657.85400178279       0.000000000000000       1  2  0  0
   3   8130.873444008301       0.000000000000000       0  3  0  0
   3  -15112.10301522873       0.000000000000000       1  0  2  0
   3   13694.26113988902       0.000000000000000       0  1  2  0
   3   8326.970560138945       0.000000000000000       1  0  1  1
   3  -271.4044679445361       0.000000000000000       0  1  1  1
   3  -11094.30154414832       0.000000000000000       1  0  0  2
   3   4781.655934336141       0.000000000000000       0  1  0  2
   4  -398159.2190704900       0.000000000000000       4  0  0  0
   4  -3255437.800394219       0.000000000000000       3  1  0  0
   4   1852523.116508747       0.000000000000000       2  2  0  0
   4   1720644.409892120       0.000000000000000       1  3  0  0
   4   1055488.956906707       0.000000000000000       0  4  0  0
   4   1365324.030523701       0.000000000000000       2  0  2  0
   4   1067055.965961763       0.000000000000000       1  1  2  0
   4  -554250.1262865264       0.000000000000000       0  2  2  0
   4   661958.3572339653       0.000000000000000       2  0  1  1
   4  -9643606.107680637       0.000000000000000       1  1  1  1
   4  -1000045.219028535       0.000000000000000       0  2  1  1
   4  -2729668.698977347       0.000000000000000       2  0  0  2
   4  -1696301.573584199       0.000000000000000       1  1  0  2
   4   2869473.972626108       0.000000000000000       0  2  0  2
   4  -129662.2955419879       0.000000000000000       0  0  4  0
   4  -39487.56570680023       0.000000000000000       0  0  3  1
   4   1522402.332384708       0.000000000000000       0  0  2  2
   4  -856512.2499873046       0.000000000000000       0  0  1  3
   4   264591.2858861948       0.000000000000000       0  0  0  4
   5  -127415628.8871668       0.000000000000000       5  0  0  0
   5   108981607.5823952       0.000000000000000       4  1  0  0
   5   345175056.1433989       0.000000000000000       3  2  0  0
   5   303871955.6957673       0.000000000000000       2  3  0  0
   5  -104255681.4617563       0.000000000000000       1  4  0  0
   5  -115961731.3889481       0.000000000000000       0  5  0  0
   5   108307478.6067236       0.000000000000000       3  0  2  0
   5  -822124647.3069202       0.000000000000000       2  1  2  0
   5   373125651.8286224       0.000000000000000       1  2  2  0
   5  -498181208.1880128       0.000000000000000       0  3  2  0
   5  -941261190.1187117       0.000000000000000       3  0  1  1
   5  -711759354.8877779       0.000000000000000       2  1  1  1
   5   632618367.6957532       0.000000000000000       1  2  1  1
   5   903737713.7043642       0.000000000000000       0  3  1  1
   5  -536393001.6927086       0.000000000000000       3  0  0  2
   5   718145511.4102321       0.000000000000000       2  1  0  2
   5   589349172.5098226       0.000000000000000       1  2  0  2
   5   293355349.8688659       0.000000000000000       0  3  0  2
   5   147363958.8023418       0.000000000000000       1  0  4  0
   5  -186004907.6262351       0.000000000000000       0  1  4  0
   5   143766908.6371510       0.000000000000000       1  0  3  1
   5   180730031.4599906       0.000000000000000       0  1  3  1
   5  -345338292.3920522       0.000000000000000       1  0  2  2
   5  -737485272.9576027       0.000000000000000       0  1  2  2
   5  -640430014.6979790       0.000000000000000       1  0  1  3
   5   181362618.7119929       0.000000000000000       0  1  1  3
   5   50300003.07428148       0.000000000000000       1  0  0  4
   5   226442583.5346848       0.000000000000000       0  1  0  4
   6   1960616190.661323       0.000000000000000       6  0  0  0
   6   26045653727.24877       0.000000000000000       5  1  0  0
   6   33966462650.76934       0.000000000000000       4  2  0  0
   6  -22460413880.58508       0.000000000000000       3  3  0  0
   6  -41223698028.62666       0.000000000000000       2  4  0  0
   6   4947131456.912271       0.000000000000000       1  5  0  0
   6   2448374664.103358       0.000000000000000       0  6  0  0
   6  -64384908761.87733       0.000000000000000       4  0  2  0
   6   51947363225.12301       0.000000000000000       3  1  2  0
   6  -52561193269.74910       0.000000000000000       2  2  2  0
   6   49627178994.69631       0.000000000000000       1  3  2  0
   6  -2765243749.658390       0.000000000000000       0  4  2  0
   6  -81230726372.10986       0.000000000000000       4  0  1  1
   6   145982517201.4353       0.000000000000000       3  1  1  1
   6   222402430880.0861       0.000000000000000       2  2  1  1
   6   53741095995.64423       0.000000000000000       1  3  1  1
   6  -15868288973.26198       0.000000000000000       0  4  1  1
   6   13761468996.29465       0.000000000000000       4  0  0  2
   6   153493550393.3433       0.000000000000000       3  1  0  2
   6   113715982877.2460       0.000000000000000       2  2  0  2
   6  -45972588841.68668       0.000000000000000       1  3  0  2
   6  -9413482250.321392       0.000000000000000       0  4  0  2
   6  -13505727774.76742       0.000000000000000       2  0  4  0
   6   13779230793.25932       0.000000000000000       1  1  4  0
   6  -4715714927.149662       0.000000000000000       0  2  4  0
   6  -75613815910.51482       0.000000000000000       2  0  3  1
   6  -6385107290.226330       0.000000000000000       1  1  3  1
   6  -73083038623.07059       0.000000000000000       0  2  3  1
   6  -182223573036.2790       0.000000000000000       2  0  2  2
   6   21095550178.35135       0.000000000000000       1  1  2  2
   6   95074438731.51239       0.000000000000000       0  2  2  2
   6  -44652568001.14995       0.000000000000000       2  0  1  3
   6   163661707557.9656       0.000000000000000       1  1  1  3
   6   158946286209.3993       0.000000000000000       0  2  1  3
   6   55763782717.55384       0.000000000000000       2  0  0  4
   6   59034023872.59808       0.000000000000000       1  1  0  4
   6   36862436904.46926       0.000000000000000       0  2  0  4
   6  -1064657412.327985       0.000000000000000       0  0  6  0
   6  -800288363.8276416       0.000000000000000       0  0  5  1
   6   248212411.1682604       0.000000000000000       0  0  4  2
   6  -30511478213.01992       0.000000000000000       0  0  3  3
   6  -14921314705.92828       0.000000000000000       0  0  2  4
   6   7916135774.927016       0.000000000000000       0  0  1  5
   6   6297206821.180117       0.000000000000000       0  0  0  6
  -109   0.000000000000000       0.000000000000000       0  0  0  0

          1, NO =    6, NV =    4, INA =  468
 *********************************************

    I  COEFFICIENT          ORDER   EXPONENTS
      NO =     6      NV =     4
   1  0.8395852086136069       0.000000000000000       1  0  0  0
   1 -0.5432280161011956       0.000000000000000       0  1  0  0
   2   1105.961097312691       0.000000000000000       2  0  0  0
   2   3436.922323722415       0.000000000000000       1  1  0  0
   2   2604.022481336446       0.000000000000000       0  2  0  0
   2  -1769.808549432335       0.000000000000000       0  0  2  0
   2   3.292056676321448       0.000000000000000       0  0  1  1
   2  -4.961242607802435       0.000000000000000       0  0  0  2
   3   145860857.9974028       0.000000000000000       3  0  0  0
   3   676979597.4247402       0.000000000000000       2  1  0  0
   3   1046464969.418065       0.000000000000000       1  2  0  0
   3   538714165.9260657       0.000000000000000       0  3  0  0
   3  -684776476.5517701       0.000000000000000       1  0  2  0
   3  -1058588171.970818       0.000000000000000       0  1  2  0
   3   10848910.92351943       0.000000000000000       1  0  1  1
   3   16554096.50811887       0.000000000000000       0  1  1  1
   3   13906.59203095835       0.000000000000000       1  0  0  2
   3   26024.55851859579       0.000000000000000       0  1  0  2
   4  -28086530261.90844       0.000000000000000       4  0  0  0
   4  -40932670632.19134       0.000000000000000       3  1  0  0
   4   32949279423.41827       0.000000000000000       2  2  0  0
   4  -19963413246.61678       0.000000000000000       1  3  0  0
   4  -100231424457.6917       0.000000000000000       0  4  0  0
   4   60015443906.21177       0.000000000000000       2  0  2  0
   4  -108060920404.1770       0.000000000000000       1  1  2  0
   4  -29100825827.15741       0.000000000000000       0  2  2  0
   4   70637637723.99178       0.000000000000000       2  0  1  1
   4   142738611820.1267       0.000000000000000       1  1  1  1
   4   47576170215.31142       0.000000000000000       0  2  1  1
   4   12303948738.77787       0.000000000000000       2  0  0  2
   4   38578294299.27670       0.000000000000000       1  1  0  2
   4   30212240164.40203       0.000000000000000       0  2  0  2
   4   64258634146.17455       0.000000000000000       0  0  4  0
   4  -45011882471.13081       0.000000000000000       0  0  3  1
   4  -19013450440.23690       0.000000000000000       0  0  2  2
   4   317164068.2152653       0.000000000000000       0  0  1  3
   4  -436686.5661409691       0.000000000000000       0  0  0  4
   5   448990730429.7520       0.000000000000000       5  0  0  0
   5  -3538246999238.459       0.000000000000000       4  1  0  0
   5   26869571694932.70       0.000000000000000       3  2  0  0
   5   63285860011772.16       0.000000000000000       2  3  0  0
   5   11857170488235.29       0.000000000000000       1  4  0  0
   5  -9457189344785.377       0.000000000000000       0  5  0  0
   5   6344170264970.138       0.000000000000000       3  0  2  0
   5   23999030064913.35       0.000000000000000       2  1  2  0
   5  -20461088649328.54       0.000000000000000       1  2  2  0
   5   586137475296.3473       0.000000000000000       0  3  2  0
   5   3238407467331.713       0.000000000000000       3  0  1  1
   5   14557424698458.47       0.000000000000000       2  1  1  1
   5   1580430334739.672       0.000000000000000       1  2  1  1
   5   11502584660841.29       0.000000000000000       0  3  1  1
   5   6523835203366.531       0.000000000000000       3  0  0  2
   5   22994803712433.66       0.000000000000000       2  1  0  2
   5   11556850874279.79       0.000000000000000       1  2  0  2
   5  -13189363788563.07       0.000000000000000       0  3  0  2
   5  -22390665106328.19       0.000000000000000       1  0  4  0
   5   20179957140286.62       0.000000000000000       0  1  4  0
   5   9019195567992.047       0.000000000000000       1  0  3  1
   5  -1479041707218.481       0.000000000000000       0  1  3  1
   5  -9674410205585.334       0.000000000000000       1  0  2  2
   5   5346972957842.378       0.000000000000000       0  1  2  2
   5   7770122956247.309       0.000000000000000       1  0  1  3
   5   9354168885859.385       0.000000000000000       0  1  1  3
   5   315431658597.0308       0.000000000000000       1  0  0  4
   5   504830190228.2408       0.000000000000000       0  1  0  4
   6   456583055233322.0       0.000000000000000       6  0  0  0
   6   3311607196569091.       0.000000000000000       5  1  0  0
   6   4529848243424652.       0.000000000000000       4  2  0  0
   6   2925337525769751.       0.000000000000000       3  3  0  0
   6  -8294198662750663.       0.000000000000000       2  4  0  0
   6 -0.1156038724394084E+17   0.000000000000000       1  5  0  0
   6  -219202189365917.8       0.000000000000000       0  6  0  0
   6  -1710791516509276.       0.000000000000000       4  0  2  0
   6  -2594011338545388.       0.000000000000000       3  1  2  0
   6   4893773785644543.       0.000000000000000       2  2  2  0
   6  -8413204988683383.       0.000000000000000       1  3  2  0
   6   4382734676616732.       0.000000000000000       0  4  2  0
   6   162086817211166.3       0.000000000000000       4  0  1  1
   6   8091647307661607.       0.000000000000000       3  1  1  1
   6  0.1768347162379189E+17   0.000000000000000       2  2  1  1
   6  0.1523515806732500E+17   0.000000000000000       1  3  1  1
   6  -12816449291042.47       0.000000000000000       0  4  1  1
   6   494346070838225.6       0.000000000000000       4  0  0  2
   6   7715821723039508.       0.000000000000000       3  1  0  2
   6   9820690020111368.       0.000000000000000       2  2  0  2
   6  -6528293541140552.       0.000000000000000       1  3  0  2
   6  -4680742640174202.       0.000000000000000       0  4  0  2
   6   2680536799955138.       0.000000000000000       2  0  4  0
   6  -1075082394682930.       0.000000000000000       1  1  4  0
   6   1991620077656235.       0.000000000000000       0  2  4  0
   6  -522888257771114.6       0.000000000000000       2  0  3  1
   6 -0.1062411086944216E+17   0.000000000000000       1  1  3  1
   6   1485543939238229.       0.000000000000000       0  2  3  1
   6  -1130490507070852.       0.000000000000000       2  0  2  2
   6   500017371954195.8       0.000000000000000       1  1  2  2
   6   5397238483288065.       0.000000000000000       0  2  2  2
   6   1563255067468170.       0.000000000000000       2  0  1  3
   6   2438621948345547.       0.000000000000000       1  1  1  3
   6   1758119393824217.       0.000000000000000       0  2  1  3
   6   104398180179236.4       0.000000000000000       2  0  0  4
   6  -227324978727160.0       0.000000000000000       1  1  0  4
   6  -834571578858642.8       0.000000000000000       0  2  0  4
   6  -112234301254650.5       0.000000000000000       0  0  6  0
   6  -281623045161881.4       0.000000000000000       0  0  5  1
   6   2004359721416301.       0.000000000000000       0  0  4  2
   6  -1515005975747922.       0.000000000000000       0  0  3  3
   6   691213168972359.5       0.000000000000000       0  0  2  4
   6   151365160714418.1       0.000000000000000       0  0  1  5
   6   2395991085885.870       0.000000000000000       0  0  0  6
  -109   0.000000000000000       0.000000000000000       0  0  0  0

          1, NO =    6, NV =    4, INA =  469
 *********************************************

    I  COEFFICIENT          ORDER   EXPONENTS
      NO =     6      NV =     4
   1  0.9999700637420266       0.000000000000000       0  0  1  0
   1 -0.7737675346634412E-02   0.000000000000000       0  0  0  1
   2  -41.74393999982560       0.000000000000000       1  0  1  0
   2  -1.691278160961045       0.000000000000000       0  1  1  0
   2  -31.84304499585393       0.000000000000000       1  0  0  1
   2   8.815446932654105       0.000000000000000       0  1  0  1
   3   6106.542667912795       0.000000000000000       2  0  1  0
   3  -9270.979266366925       0.000000000000000       1  1  1  0
   3  -2250.986989953542       0.000000000000000       0  2  1  0
   3  -13229.77415075866       0.000000000000000       2  0  0  1
   3  -2728.552393231835       0.000000000000000       1  1  0  1
   3  -8653.229083292206       0.000000000000000       0  2  0  1
   3   1337.531809531436       0.000000000000000       0  0  3  0
   3  -2828.526372591414       0.000000000000000       0  0  2  1
   3  -444.2900402460031       0.000000000000000       0  0  1  2
   3  -3442.503142633329       0.000000000000000       0  0  0  3
   4  -426524.5224070277       0.000000000000000       3  0  1  0
   4  -3194820.086136455       0.000000000000000       2  1  1  0
   4  -784435.6072939467       0.000000000000000       1  2  1  0
   4   1169367.443390322       0.000000000000000       0  3  1  0
   4  -1137645.644219284       0.000000000000000       3  0  0  1
   4   462608.9291668878       0.000000000000000       2  1  0  1
   4   4214978.692169541       0.000000000000000       1  2  0  1
   4  -56539.05812204094       0.000000000000000       0  3  0  1
   4  -516798.7144043235       0.000000000000000       1  0  3  0
   4   107788.2514973044       0.000000000000000       0  1  3  0
   4   1712431.100591620       0.000000000000000       1  0  2  1
   4  -2563528.969218350       0.000000000000000       0  1  2  1
   4  -3043923.700195089       0.000000000000000       1  0  1  2
   4  -1731889.479249071       0.000000000000000       0  1  1  2
   4   434539.9500298866       0.000000000000000       1  0  0  3
   4  -525881.6576821967       0.000000000000000       0  1  0  3
   5  -214750473.4265935       0.000000000000000       4  0  1  0
   5  -76488721.74110450       0.000000000000000       3  1  1  0
   5   353021888.9002690       0.000000000000000       2  2  1  0
   5   774244296.4795043       0.000000000000000       1  3  1  0
   5  -37277653.46552887       0.000000000000000       0  4  1  0
   5  -20257808.55610358       0.000000000000000       4  0  0  1
   5   734199683.4311165       0.000000000000000       3  1  0  1
   5  -35726585.27869263       0.000000000000000       2  2  0  1
   5  -412051392.6010568       0.000000000000000       1  3  0  1
   5  -328688708.6448188       0.000000000000000       0  4  0  1
   5   22652349.68037989       0.000000000000000       2  0  3  0
   5   125153117.7859347       0.000000000000000       1  1  3  0
   5  -190003363.0870629       0.000000000000000       0  2  3  0
   5  -522314621.7718480       0.000000000000000       2  0  2  1
   5  -1154092145.898508       0.000000000000000       1  1  2  1
   5   131988343.4819462       0.000000000000000       0  2  2  1
   5  -541534029.4744885       0.000000000000000       2  0  1  2
   5   1299463251.247620       0.000000000000000       1  1  1  2
   5   506214533.9791951       0.000000000000000       0  2  1  2
   5   314561417.0495949       0.000000000000000       2  0  0  3
   5   385935201.4316965       0.000000000000000       1  1  0  3
   5  -205539609.7967809       0.000000000000000       0  2  0  3
   5  -4872801.553677650       0.000000000000000       0  0  5  0
   5  -62867484.67219004       0.000000000000000       0  0  4  1
   5  -7252743.157249605       0.000000000000000       0  0  3  2
   5  -345611370.4551296       0.000000000000000       0  0  2  3
   5   28056890.82715201       0.000000000000000       0  0  1  4
   5  -31266231.55497480       0.000000000000000       0  0  0  5
   6   767737331.9604011       0.000000000000000       5  0  1  0
   6   20967215091.83121       0.000000000000000       4  1  1  0
   6   134699628707.7032       0.000000000000000       3  2  1  0
   6  -22849547625.39877       0.000000000000000       2  3  1  0
   6  -33741951991.55244       0.000000000000000       1  4  1  0
   6  -62557041967.95187       0.000000000000000       0  5  1  0
   6   23563775218.50281       0.000000000000000       5  0  0  1
   6   11006129132.30801       0.000000000000000       4  1  0  1
   6  -39220117684.45900       0.000000000000000       3  2  0  1
   6  -125708259081.4566       0.000000000000000       2  3  0  1
   6   35296533556.34703       0.000000000000000       1  4  0  1
   6   21780825005.54036       0.000000000000000       0  5  0  1
   6  -8100476222.808698       0.000000000000000       3  0  3  0
   6  -88564815976.65874       0.000000000000000       2  1  3  0
   6   33285995919.60094       0.000000000000000       1  2  3  0
   6  -43935404420.38238       0.000000000000000       0  3  3  0
   6  -94125680310.97455       0.000000000000000       3  0  2  1
   6   84108614403.39566       0.000000000000000       2  1  2  1
   6   304320470867.8364       0.000000000000000       1  2  2  1
   6   127341144863.4796       0.000000000000000       0  3  2  1
   6   82834431811.95435       0.000000000000000       3  0  1  2
   6   267306546568.0692       0.000000000000000       2  1  1  2
   6   10658516269.93856       0.000000000000000       1  2  1  2
   6  -185157270077.0236       0.000000000000000       0  3  1  2
   6   88398211169.25577       0.000000000000000       3  0  0  3
   6  -55750822300.12584       0.000000000000000       2  1  0  3
   6  -81442633391.61884       0.000000000000000       1  2  0  3
   6  -57012745699.61394       0.000000000000000       0  3  0  3
   6   3334247865.344086       0.000000000000000       1  0  5  0
   6  -8378184064.819382       0.000000000000000       0  1  5  0
   6   3676191809.134241       0.000000000000000       1  0  4  1
   6   1609572140.430158       0.000000000000000       0  1  4  1
   6  -92428595198.60500       0.000000000000000       1  0  3  2
   6  -92889442849.25339       0.000000000000000       0  1  3  2
   6  -1920647880.044211       0.000000000000000       1  0  2  3
   6   99860413135.96141       0.000000000000000       0  1  2  3
   6   77707012543.87215       0.000000000000000       1  0  1  4
   6  -2617250733.322017       0.000000000000000       0  1  1  4
   6   1380417725.511642       0.000000000000000       1  0  0  5
   6  -17713044578.90711       0.000000000000000       0  1  0  5
  -100   0.000000000000000       0.000000000000000       0  0  0  0

          1, NO =    6, NV =    4, INA =  470
 *********************************************

    I  COEFFICIENT          ORDER   EXPONENTS
      NO =     6      NV =     4
   1  0.7737675346634412E-02   0.000000000000000       0  0  1  0
   1  0.9999700637420265       0.000000000000000       0  0  0  1
   2   1836.953324612711       0.000000000000000       1  0  1  0
   2   3027.271172198183       0.000000000000000       0  1  1  0
   2   27.28336750739684       0.000000000000000       1  0  0  1
   2  -21.66525149643065       0.000000000000000       0  1  0  1
   3   371777594.5592396       0.000000000000000       2  0  1  0
   3   1149848611.713673       0.000000000000000       1  1  1  0
   3   888359381.0716354       0.000000000000000       0  2  1  0
   3  -2940346.350491820       0.000000000000000       2  0  0  1
   3  -8969236.388312679       0.000000000000000       1  1  0  1
   3  -6845207.331632921       0.000000000000000       0  2  0  1
   3  -193992396.2281994       0.000000000000000       0  0  3  0
   3   4622517.991689044       0.000000000000000       0  0  2  1
   3   22878.42530561696       0.000000000000000       0  0  1  2
   3  -87.34678234467238       0.000000000000000       0  0  0  3
   4  -63215177772.36570       0.000000000000000       3  0  1  0
   4  -44407893115.60030       0.000000000000000       2  1  1  0
   4   10223272431.78573       0.000000000000000       1  2  1  0
   4  -111635220165.1288       0.000000000000000       0  3  1  0
   4  -11496529329.75603       0.000000000000000       3  0  0  1
   4  -33415544901.46542       0.000000000000000       2  1  0  1
   4  -18555691638.86263       0.000000000000000       1  2  0  1
   4   8656349851.837990       0.000000000000000       0  3  0  1
   4  -45474452739.73376       0.000000000000000       1  0  3  0
   4  -106956464690.6364       0.000000000000000       0  1  3  0
   4   66466385708.01717       0.000000000000000       1  0  2  1
   4   69595800015.67078       0.000000000000000       0  1  2  1
   4   20777655114.47521       0.000000000000000       1  0  1  2
   4   32570591253.42013       0.000000000000000       0  1  1  2
   4  -171842393.5648671       0.000000000000000       1  0  0  3
   4  -265647018.5705874       0.000000000000000       0  1  0  3
   5   3492703857695.078       0.000000000000000       4  0  1  0
   5   1273840735794.094       0.000000000000000       3  1  1  0
   5   39951224778522.51       0.000000000000000       2  2  1  0
   5   20927151896950.58       0.000000000000000       1  3  1  0
   5  -15613275210777.58       0.000000000000000       0  4  1  0
   5  -3396515605331.548       0.000000000000000       4  0  0  1
   5  -16769461447730.49       0.000000000000000       3  1  0  1
   5  -20004369199170.21       0.000000000000000       2  2  0  1
   5  -8632950836350.322       0.000000000000000       1  3  0  1
   5  -8551616408960.642       0.000000000000000       0  4  0  1
   5   24009798992270.63       0.000000000000000       2  0  3  0
   5   17387635363829.23       0.000000000000000       1  1  3  0
   5  -19620105328373.95       0.000000000000000       0  2  3  0
   5  -9276079172303.393       0.000000000000000       2  0  2  1
   5  -13983616292835.29       0.000000000000000       1  1  2  1
   5  -2395026145787.601       0.000000000000000       0  2  2  1
   5   10657192998872.64       0.000000000000000       2  0  1  2
   5   15703980083139.48       0.000000000000000       1  1  1  2
   5  -12077818262497.96       0.000000000000000       0  2  1  2
   5  -2064446688158.004       0.000000000000000       2  0  0  3
   5  -4973522451178.205       0.000000000000000       1  1  0  3
   5  -2674266443548.719       0.000000000000000       0  2  0  3
   5   2497946315112.023       0.000000000000000       0  0  5  0
   5  -2855225358154.157       0.000000000000000       0  0  4  1
   5  -209124465507.8851       0.000000000000000       0  0  3  2
   5   3380712760082.625       0.000000000000000       0  0  2  3
   5   265011079864.6737       0.000000000000000       0  0  1  4
   5  -2459081583.041035       0.000000000000000       0  0  0  5
   6   274908154280932.1       0.000000000000000       5  0  1  0
   6   3535115844745592.       0.000000000000000       4  1  1  0
   6  -2644474998840399.       0.000000000000000       3  2  1  0
   6  -8725102998981891.       0.000000000000000       2  3  1  0
   6  -7003155921249816.       0.000000000000000       1  4  1  0
   6   142537838836322.4       0.000000000000000       0  5  1  0
   6   227166722642268.0       0.000000000000000       5  0  0  1
   6  -1033552089316235.       0.000000000000000       4  1  0  1
   6  -736895160153205.2       0.000000000000000       3  2  0  1
   6   6102677065298572.       0.000000000000000       2  3  0  1
   6   4301740753431081.       0.000000000000000       1  4  0  1
   6   789154462558066.1       0.000000000000000       0  5  0  1
   6  -4155142095294880.       0.000000000000000       3  0  3  0
   6  -1001260263583892.       0.000000000000000       2  1  3  0
   6  -6091975150467049.       0.000000000000000       1  2  3  0
   6   3559543499620748.       0.000000000000000       0  3  3  0
   6   1763114946935988.       0.000000000000000       3  0  2  1
   6  0.1333866097376973E+17   0.000000000000000       2  1  2  1
   6  0.2149377210713718E+17   0.000000000000000       1  2  2  1
   6  -6886940748992.838       0.000000000000000       0  3  2  1
   6   500315259788838.9       0.000000000000000       3  0  1  2
   6   4423581887391458.       0.000000000000000       2  1  1  2
   6  -7257813503095938.       0.000000000000000       1  2  1  2
   6  -7907118730667283.       0.000000000000000       0  3  1  2
   6  -408521736254003.3       0.000000000000000       3  0  0  3
   6  -778740527292271.2       0.000000000000000       2  1  0  3
   6  -90108126405923.30       0.000000000000000       1  2  0  3
   6  -438328092251497.3       0.000000000000000       0  3  0  3
   6  -1629548401544701.       0.000000000000000       1  0  5  0
   6   1824948295963076.       0.000000000000000       0  1  5  0
   6   1722765098091222.       0.000000000000000       1  0  4  1
   6   740045413144607.1       0.000000000000000       0  1  4  1
   6  -1918297148596294.       0.000000000000000       1  0  3  2
   6  -2255286447019654.       0.000000000000000       0  1  3  2
   6   1504265276558064.       0.000000000000000       1  0  2  3
   6   1951546055250177.       0.000000000000000       0  1  2  3
   6  -292391897230493.8       0.000000000000000       1  0  1  4
   6  -987038720538741.0       0.000000000000000       0  1  1  4
   6  -83233007565030.61       0.000000000000000       1  0  0  5
   6  -105708555574766.6       0.000000000000000       0  1  0  5
  -100   0.000000000000000       0.000000000000000       0  0  0  0
  No Spin Matrix 
  No c_quaternion 
 No Stochastic Radiation 
