           6  Dimensional TPSA/DA map 

          1, NO =    3, NV =    8, INA =  729
 *********************************************

    I  COEFFICIENT          ORDER   EXPONENTS
      NO =     3      NV =     8
   1   3.725056626634019       0.000000000000000       1  0  0  0  0  0  0  0
   1  0.5554634490948960E-16   0.000000000000000       0  1  0  0  0  0  0  0
   1 -0.8876372140814446E-11   0.000000000000000       0  0  1  0  0  0  0  0
   1  0.4033685254841739E-11   0.000000000000000       0  0  0  1  0  0  0  0
   1 -0.6050478123611566E-04   0.000000000000000       0  0  0  0  1  0  0  0
   1  0.2941806052476912       0.000000000000000       0  0  0  0  0  1  0  0
    -6   0.000000000000000       0.000000000000000       0  0  0  0  0  0  0  0

          1, NO =    3, NV =    8, INA =  730
 *********************************************

    I  COEFFICIENT          ORDER   EXPONENTS
      NO =     3      NV =     8
   1  0.3330622268751736       0.000000000000000       1  0  0  0  0  0  0  0
   1  0.2684466418306516       0.000000000000000       0  1  0  0  0  0  0  0
   1 -0.1084346080350375E-11   0.000000000000000       0  0  1  0  0  0  0  0
   1 -0.2796272391170312E-12   0.000000000000000       0  0  0  1  0  0  0  0
   1 -0.7672493083036920E-04   0.000000000000000       0  0  0  0  1  0  0  0
   1  0.2500687508811677E-01   0.000000000000000       0  0  0  0  0  1  0  0
    -6   0.000000000000000       0.000000000000000       0  0  0  0  0  0  0  0

          1, NO =    3, NV =    8, INA =  731
 *********************************************

    I  COEFFICIENT          ORDER   EXPONENTS
      NO =     3      NV =     8
   1  0.1575708750017484E-10   0.000000000000000       1  0  0  0  0  0  0  0
   1  0.5122332715269041E-11   0.000000000000000       0  1  0  0  0  0  0  0
   1   3.482593535476732       0.000000000000000       0  0  1  0  0  0  0  0
   1 -0.9770887076578509E-17   0.000000000000000       0  0  0  1  0  0  0  0
   1 -0.3305619962333842E-14   0.000000000000000       0  0  0  0  1  0  0  0
   1 -0.8584164594200915E-16   0.000000000000000       0  0  0  0  0  1  0  0
    -6   0.000000000000000       0.000000000000000       0  0  0  0  0  0  0  0

          1, NO =    3, NV =    8, INA =  732
 *********************************************

    I  COEFFICIENT          ORDER   EXPONENTS
      NO =     3      NV =     8
   1 -0.1856567920250705E-11   0.000000000000000       1  0  0  0  0  0  0  0
   1  0.8314241280186645E-12   0.000000000000000       0  1  0  0  0  0  0  0
   1 -0.3171142202226407       0.000000000000000       0  0  1  0  0  0  0  0
   1  0.2871423236197760       0.000000000000000       0  0  0  1  0  0  0  0
   1 -0.4329818298482005E-15   0.000000000000000       0  0  0  0  1  0  0  0
   1 -0.3539964420352825E-16   0.000000000000000       0  0  0  0  0  1  0  0
    -6   0.000000000000000       0.000000000000000       0  0  0  0  0  0  0  0

          1, NO =    3, NV =    8, INA =  733
 *********************************************

    I  COEFFICIENT          ORDER   EXPONENTS
      NO =     3      NV =     8
   1  0.1181941592134839       0.000000000000000       1  0  0  0  0  0  0  0
   1   1.933137887105337       0.000000000000000       0  1  0  0  0  0  0  0
   1 -0.2371554529863082E-11   0.000000000000000       0  0  1  0  0  0  0  0
   1 -0.4483225036784572E-11   0.000000000000000       0  0  0  1  0  0  0  0
   1   24.47832375113906       0.000000000000000       0  0  0  0  1  0  0  0
   1 -0.4321984263396117E-15   0.000000000000000       0  0  0  0  0  1  0  0
    -6   0.000000000000000       0.000000000000000       0  0  0  0  0  0  0  0

          1, NO =    3, NV =    8, INA =  734
 *********************************************

    I  COEFFICIENT          ORDER   EXPONENTS
      NO =     3      NV =     8
   1 -0.4942867466427518E-05   0.000000000000000       1  0  0  0  0  0  0  0
   1  0.9732043265562772E-04   0.000000000000000       0  1  0  0  0  0  0  0
   1 -0.6971059985257894E-16   0.000000000000000       0  0  1  0  0  0  0  0
   1 -0.2432067448817475E-15   0.000000000000000       0  0  0  1  0  0  0  0
   1  0.1223916187558322E-02   0.000000000000000       0  0  0  0  1  0  0  0
   1  0.4085161027426908E-01   0.000000000000000       0  0  0  0  0  1  0  0
    -6   0.000000000000000       0.000000000000000       0  0  0  0  0  0  0  0
  Spin Matrix is identity 
  c_quaternion is identity 
 No Stochastic Radiation 
