           6  Dimensional TPSA/DA map 

          1, NO =    2, NV =    8, INA =  631
 *********************************************

    I  COEFFICIENT          ORDER   EXPONENTS
      NO =     2      NV =     8
   1 -0.6994825982675090       0.000000000000000       1  0  0  0  0  0  0  0
   1  -3.082375496764733       0.000000000000000       0  1  0  0  0  0  0  0
   1   14.11232934739594       0.000000000000000       0  0  0  0  0  1  0  0
   2  -46.44772383673601       0.000000000000000       2  0  0  0  0  0  0  0
   2   777.2731253319591       0.000000000000000       1  1  0  0  0  0  0  0
   2  -3981.583066314336       0.000000000000000       0  2  0  0  0  0  0  0
   2  -14.78729518825599       0.000000000000000       0  0  2  0  0  0  0  0
   2  -203.3657414085110       0.000000000000000       0  0  1  1  0  0  0  0
   2  -1182.869332744106       0.000000000000000       0  0  0  2  0  0  0  0
   2   1703.066363119465       0.000000000000000       1  0  0  0  0  1  0  0
   2  -14704.69590433775       0.000000000000000       0  1  0  0  0  1  0  0
   2  -96.39933606531451       0.000000000000000       0  0  1  0  0  0  1  0
   2  -1258.132049752351       0.000000000000000       0  0  0  1  0  0  1  0
   2  -83.02687178524880       0.000000000000000       0  0  1  0  0  0  0  1
   2  -1184.152873297428       0.000000000000000       0  0  0  1  0  0  0  1
   2  -4194.801337247547       0.000000000000000       0  0  0  0  0  2  0  0
   2  -342.4537940510133       0.000000000000000       0  0  0  0  0  0  2  0
   2  -666.3474455284418       0.000000000000000       0  0  0  0  0  0  1  1
   2  -333.7878360873561       0.000000000000000       0  0  0  0  0  0  0  2
   -19   0.000000000000000       0.000000000000000       0  0  0  0  0  0  0  0

          1, NO =    2, NV =    8, INA =  632
 *********************************************

    I  COEFFICIENT          ORDER   EXPONENTS
      NO =     2      NV =     8
   1  0.4061875597732870E-01   0.000000000000000       1  0  0  0  0  0  0  0
   1  -1.250635461172470       0.000000000000000       0  1  0  0  0  0  0  0
   1   1.084213088990645       0.000000000000000       0  0  0  0  0  1  0  0
   2  -4.626630096539221       0.000000000000000       2  0  0  0  0  0  0  0
   2   80.17990910841638       0.000000000000000       1  1  0  0  0  0  0  0
   2  -286.9884436254272       0.000000000000000       0  2  0  0  0  0  0  0
   2  -2.121786563341840       0.000000000000000       0  0  2  0  0  0  0  0
   2  -12.97343651762668       0.000000000000000       0  0  1  1  0  0  0  0
   2  -98.23555759097989       0.000000000000000       0  0  0  2  0  0  0  0
   2   209.7886472900120       0.000000000000000       1  0  0  0  0  1  0  0
   2  -1266.623856085018       0.000000000000000       0  1  0  0  0  1  0  0
   2  -5.567450718134625       0.000000000000000       0  0  1  0  0  0  1  0
   2  -112.2102530356636       0.000000000000000       0  0  0  1  0  0  1  0
   2  -4.460407865320757       0.000000000000000       0  0  1  0  0  0  0  1
   2  -111.3916177560239       0.000000000000000       0  0  0  1  0  0  0  1
   2  -796.9563242855055       0.000000000000000       0  0  0  0  0  2  0  0
   2  -32.78897393482491       0.000000000000000       0  0  0  0  0  0  2  0
   2  -71.22088618560966       0.000000000000000       0  0  0  0  0  0  1  1
   2  -39.04098979227763       0.000000000000000       0  0  0  0  0  0  0  2
   -19   0.000000000000000       0.000000000000000       0  0  0  0  0  0  0  0

          1, NO =    2, NV =    8, INA =  633
 *********************************************

    I  COEFFICIENT          ORDER   EXPONENTS
      NO =     2      NV =     8
   1  -1.220171394189473       0.000000000000000       0  0  1  0  0  0  0  0
   1  -2.691858899823284       0.000000000000000       0  0  0  1  0  0  0  0
   1  0.4440892098500626E-15   0.000000000000000       0  0  0  0  0  0  0  1
   2   9.927917833035844       0.000000000000000       1  0  1  0  0  0  0  0
   2  -197.1869859097834       0.000000000000000       0  1  1  0  0  0  0  0
   2   238.2724438833439       0.000000000000000       1  0  0  1  0  0  0  0
   2  -2294.166611465947       0.000000000000000       0  1  0  1  0  0  0  0
   2  -282.2274189991648       0.000000000000000       0  0  1  0  0  1  0  0
   2  -4606.707278447271       0.000000000000000       0  0  0  1  0  1  0  0
   2   137.1022231303043       0.000000000000000       1  0  0  0  0  0  1  0
   2  -1219.533974798405       0.000000000000000       0  1  0  0  0  0  1  0
   2   136.2835878506645       0.000000000000000       1  0  0  0  0  0  0  1
   2  -1145.554798343479       0.000000000000000       0  1  0  0  0  0  0  1
   2  -2625.124216471879       0.000000000000000       0  0  0  0  0  1  1  0
   2  -2627.720912319232       0.000000000000000       0  0  0  0  0  1  0  1
   -15   0.000000000000000       0.000000000000000       0  0  0  0  0  0  0  0

          1, NO =    2, NV =    8, INA =  634
 *********************************************

    I  COEFFICIENT          ORDER   EXPONENTS
      NO =     2      NV =     8
   1  0.4061875597732836E-01   0.000000000000000       0  0  1  0  0  0  0  0
   1 -0.7299466652505078       0.000000000000000       0  0  0  1  0  0  0  0
   1 -0.5551115123125783E-16   0.000000000000000       0  0  0  0  0  0  1  0
   1 -0.1110223024625157E-15   0.000000000000000       0  0  0  0  0  0  0  1
   2  -3.747709805215140       0.000000000000000       1  0  1  0  0  0  0  0
   2   26.15717420081988       0.000000000000000       0  1  1  0  0  0  0  0
   2  -22.13909200878496       0.000000000000000       1  0  0  1  0  0  0  0
   2   252.0413117282635       0.000000000000000       0  1  0  1  0  0  0  0
   2   81.47383674488093       0.000000000000000       0  0  1  0  0  1  0  0
   2   501.9342017063263       0.000000000000000       0  0  0  1  0  1  0  0
   2  -10.96475282984887       0.000000000000000       1  0  0  0  0  0  1  0
   2   125.3392827437411       0.000000000000000       0  1  0  0  0  0  1  0
   2  -9.857709977035046       0.000000000000000       1  0  0  0  0  0  0  1
   2   111.9668184636755       0.000000000000000       0  1  0  0  0  0  0  1
   2   205.3022181328980       0.000000000000000       0  0  0  0  0  1  1  0
   2   145.6585082635116       0.000000000000000       0  0  0  0  0  1  0  1
   -16   0.000000000000000       0.000000000000000       0  0  0  0  0  0  0  0

          1, NO =    2, NV =    8, INA =  635
 *********************************************

    I  COEFFICIENT          ORDER   EXPONENTS
      NO =     2      NV =     8
   1   1.331613450596393       0.000000000000000       1  0  0  0  0  0  0  0
   1  -14.30742766282201       0.000000000000000       0  1  0  0  0  0  0  0
   1   1.000000000000000       0.000000000000000       0  0  0  0  1  0  0  0
   1  -36.70305523189080       0.000000000000000       0  0  0  0  0  1  0  0
   2   93.02667500177144       0.000000000000000       2  0  0  0  0  0  0  0
   2  -1194.472212364417       0.000000000000000       1  1  0  0  0  0  0  0
   2   7509.810943117065       0.000000000000000       0  2  0  0  0  0  0  0
   2   30.06338736138050       0.000000000000000       0  0  2  0  0  0  0  0
   2   462.7334256682705       0.000000000000000       0  0  1  1  0  0  0  0
   2   2253.043202616152       0.000000000000000       0  0  0  2  0  0  0  0
   2  -341.5697430284507       0.000000000000000       1  0  0  0  0  1  0  0
   2   3647.308070702025       0.000000000000000       0  1  0  0  0  1  0  0
   2   169.8223375426735       0.000000000000000       0  0  1  0  0  0  1  0
   2   2249.380459742723       0.000000000000000       0  0  0  1  0  0  1  0
   2   98.06566689782335       0.000000000000000       0  0  1  0  0  0  0  1
   2   2022.067117243279       0.000000000000000       0  0  0  1  0  0  0  1
   2   1980.046019588570       0.000000000000000       0  0  0  0  0  2  0  0
   2   617.1785816395875       0.000000000000000       0  0  0  0  0  0  2  0
   2   1145.443897396829       0.000000000000000       0  0  0  0  0  0  1  1
   2   566.8974964305667       0.000000000000000       0  0  0  0  0  0  0  2
   -20   0.000000000000000       0.000000000000000       0  0  0  0  0  0  0  0

          1, NO =    2, NV =    8, INA =  636
 *********************************************

    I  COEFFICIENT          ORDER   EXPONENTS
      NO =     2      NV =     8
   1  0.1331613450596393E-03   0.000000000000000       1  0  0  0  0  0  0  0
   1 -0.1430742766282201E-02   0.000000000000000       0  1  0  0  0  0  0  0
   1  0.1000000000000000E-03   0.000000000000000       0  0  0  0  1  0  0  0
   1  0.9963296944768110       0.000000000000000       0  0  0  0  0  1  0  0
   2  0.9302667500177143E-02   0.000000000000000       2  0  0  0  0  0  0  0
   2 -0.1194472212364417       0.000000000000000       1  1  0  0  0  0  0  0
   2  0.7509810943117066       0.000000000000000       0  2  0  0  0  0  0  0
   2  0.3006338736138050E-02   0.000000000000000       0  0  2  0  0  0  0  0
   2  0.4627334256682705E-01   0.000000000000000       0  0  1  1  0  0  0  0
   2  0.2253043202616153       0.000000000000000       0  0  0  2  0  0  0  0
   2 -0.3415697430284508E-01   0.000000000000000       1  0  0  0  0  1  0  0
   2  0.3647308070702026       0.000000000000000       0  1  0  0  0  1  0  0
   2  0.1698223375426735E-01   0.000000000000000       0  0  1  0  0  0  1  0
   2  0.2249380459742723       0.000000000000000       0  0  0  1  0  0  1  0
   2  0.9806566689782342E-02   0.000000000000000       0  0  1  0  0  0  0  1
   2  0.2022067117243279       0.000000000000000       0  0  0  1  0  0  0  1
   2  0.1980046019588571       0.000000000000000       0  0  0  0  0  2  0  0
   2  0.6171785816395875E-01   0.000000000000000       0  0  0  0  0  0  2  0
   2  0.1145443897396830       0.000000000000000       0  0  0  0  0  0  1  1
   2  0.5668974964305667E-01   0.000000000000000       0  0  0  0  0  0  0  2
   -20   0.000000000000000       0.000000000000000       0  0  0  0  0  0  0  0
  No Spin Matrix 
  Quaternion  
  c_quaternion 

          1, NO =    2, NV =    8, INA =  646
 *********************************************

    I  COEFFICIENT          ORDER   EXPONENTS
      NO =     2      NV =     8
   0  0.7524416291310704       0.000000000000000       0  0  0  0  0  0  0  0
   1   68.14896862562784       0.000000000000000       1  0  0  0  0  0  0  0
   1  -717.7108477364123       0.000000000000000       0  1  0  0  0  0  0  0
   1  -1860.669518873196       0.000000000000000       0  0  0  0  0  1  0  0
   2   749.3044952166911       0.000000000000000       2  0  0  0  0  0  0  0
   2   23316.79557496588       0.000000000000000       1  1  0  0  0  0  0  0
   2  -60990.66791678067       0.000000000000000       0  2  0  0  0  0  0  0
   2   1781.554521777548       0.000000000000000       0  0  2  0  0  0  0  0
   2   26616.73258696223       0.000000000000000       0  0  1  1  0  0  0  0
   2   131972.0592445905       0.000000000000000       0  0  0  2  0  0  0  0
   2   200850.5750421095       0.000000000000000       1  0  0  0  0  1  0  0
   2  -2120693.585024924       0.000000000000000       0  1  0  0  0  1  0  0
   2   9871.507224224082       0.000000000000000       0  0  1  0  0  0  1  0
   2   132536.6245715516       0.000000000000000       0  0  0  1  0  0  1  0
   2   6102.772210216721       0.000000000000000       0  0  1  0  0  0  0  1
   2   120091.3884643658       0.000000000000000       0  0  0  1  0  0  0  1
   2  -2893560.299664241       0.000000000000000       0  0  0  0  0  2  0  0
   2   36297.33847506190       0.000000000000000       0  0  0  0  0  0  2  0
   2   68567.80834847596       0.000000000000000       0  0  0  0  0  0  1  1
   2   33761.80525993969       0.000000000000000       0  0  0  0  0  0  0  2
   -20   0.000000000000000       0.000000000000000       0  0  0  0  0  0  0  0

          1, NO =    2, NV =    8, INA =  647
 *********************************************

    I  COEFFICIENT          ORDER   EXPONENTS
      NO =     2      NV =     8
   1  -3.191056268011877       0.000000000000000       0  0  1  0  0  0  0  0
   1  -2.026035053622455       0.000000000000000       0  0  0  1  0  0  0  0
   1  -19.50593978679054       0.000000000000000       0  0  0  0  0  0  1  0
   1   3.352269885116234       0.000000000000000       0  0  0  0  0  0  0  1
   2  -373.6399767786319       0.000000000000000       1  0  1  0  0  0  0  0
   2   3662.115862839186       0.000000000000000       0  1  1  0  0  0  0  0
   2  -833.8054461746143       0.000000000000000       1  0  0  1  0  0  0  0
   2   8966.170952045086       0.000000000000000       0  1  0  1  0  0  0  0
   2   9571.416803739405       0.000000000000000       0  0  1  0  0  1  0  0
   2   22199.26944655099       0.000000000000000       0  0  0  1  0  1  0  0
   2   770.5300439481249       0.000000000000000       1  0  0  0  0  0  1  0
   2  -6256.029643238595       0.000000000000000       0  1  0  0  0  0  1  0
   2  -1494.119230622535       0.000000000000000       1  0  0  0  0  0  0  1
   2   10554.80981977748       0.000000000000000       0  1  0  0  0  0  0  1
   2  -17246.84156441274       0.000000000000000       0  0  0  0  0  1  1  0
   2   30282.50336056207       0.000000000000000       0  0  0  0  0  1  0  1
   -16   0.000000000000000       0.000000000000000       0  0  0  0  0  0  0  0

          1, NO =    2, NV =    8, INA =  648
 *********************************************

    I  COEFFICIENT          ORDER   EXPONENTS
      NO =     2      NV =     8
   0 -0.6586589365905400       0.000000000000000       0  0  0  0  0  0  0  0
   1   77.85231191381682       0.000000000000000       1  0  0  0  0  0  0  0
   1  -819.9016053911748       0.000000000000000       0  1  0  0  0  0  0  0
   1  -2125.599648435074       0.000000000000000       0  0  0  0  0  1  0  0
   2   8982.554952117192       0.000000000000000       2  0  0  0  0  0  0  0
   2  -144533.0149325089       0.000000000000000       1  1  0  0  0  0  0  0
   2   831662.3426491376       0.000000000000000       0  2  0  0  0  0  0  0
   2   2050.638256327726       0.000000000000000       0  0  2  0  0  0  0  0
   2   30439.56898315296       0.000000000000000       0  0  1  1  0  0  0  0
   2   150783.4504237102       0.000000000000000       0  0  0  2  0  0  0  0
   2  -214310.0378054578       0.000000000000000       1  0  0  0  0  1  0  0
   2   2250796.343231380       0.000000000000000       0  1  0  0  0  1  0  0
   2   11391.20001929764       0.000000000000000       0  0  1  0  0  0  1  0
   2   151497.4169119815       0.000000000000000       0  0  0  1  0  0  1  0
   2   6860.450310692999       0.000000000000000       0  0  1  0  0  0  0  1
   2   137036.7439691029       0.000000000000000       0  0  0  1  0  0  0  1
   2   2752406.648365590       0.000000000000000       0  0  0  0  0  2  0  0
   2   41766.88696124431       0.000000000000000       0  0  0  0  0  0  2  0
   2   78110.12725973816       0.000000000000000       0  0  0  0  0  0  1  1
   2   38871.07288247677       0.000000000000000       0  0  0  0  0  0  0  2
   -20   0.000000000000000       0.000000000000000       0  0  0  0  0  0  0  0

          1, NO =    2, NV =    8, INA =  649
 *********************************************

    I  COEFFICIENT          ORDER   EXPONENTS
      NO =     2      NV =     8
   1   3.182453908469467       0.000000000000000       0  0  1  0  0  0  0  0
   1   4.804881836701737       0.000000000000000       0  0  0  1  0  0  0  0
   1   4.065467208145856       0.000000000000000       0  0  0  0  0  0  1  0
   1  -19.66585467348718       0.000000000000000       0  0  0  0  0  0  0  1
   2   190.8466307684579       0.000000000000000       1  0  1  0  0  0  0  0
   2  -2008.197369521775       0.000000000000000       0  1  1  0  0  0  0  0
   2  -1054.625871508693       0.000000000000000       1  0  0  1  0  0  0  0
   2   9311.675359821953       0.000000000000000       0  1  0  1  0  0  0  0
   2  -5135.705491792440       0.000000000000000       0  0  1  0  0  1  0  0
   2   22191.15371385749       0.000000000000000       0  0  0  1  0  1  0  0
   2   1700.289037398771       0.000000000000000       1  0  0  0  0  0  1  0
   2  -15638.09799813647       0.000000000000000       0  1  0  0  0  0  1  0
   2  -954.6632250850441       0.000000000000000       1  0  0  0  0  0  0  1
   2   7725.178007427949       0.000000000000000       0  1  0  0  0  0  0  1
   2  -42650.90332716940       0.000000000000000       0  0  0  0  0  1  1  0
   2   19309.36034406892       0.000000000000000       0  0  0  0  0  1  0  1
   -16   0.000000000000000       0.000000000000000       0  0  0  0  0  0  0  0
 No Stochastic Radiation 