 warning : trouble locating planes, so chosen arbitrarily 
           6  Dimensional TPSA/DA map 

          1, NO =    2, NV =    8, INA =   76
 *********************************************

    I  COEFFICIENT          ORDER   EXPONENTS
      NO =     2      NV =     8
   1 -0.9734869399424959      0.2287426015445926       1  0  0  0  0  0  0  0
   1 -0.4662936703425657E-14  0.4996003610813204E-15   0  1  0  0  0  0  0  0
   1 -0.3503961850488332E-14  0.1398381939215175E-14   0  0  1  0  0  0  0  0
   1  0.7696141358752573E-15 -0.4119471894137825E-14   0  0  0  1  0  0  0  0
   1 -0.7572067972638763E-15  0.5983928630381996E-14   0  0  0  0  1  0  0  0
   1  0.4943094544795912E-14 -0.3152859917587847E-14   0  0  0  0  0  1  0  0
   1 -0.2399753404565990E-15 -0.1798597498774950E-15   0  0  0  0  0  0  1  0
   1  0.1746898796767705E-15  0.1173680524014762E-15   0  0  0  0  0  0  0  1
   2   30.76071031371472       5.807722920044961       2  0  0  0  0  0  0  0
   2  -49.91042117971627       37.79885759842698       1  1  0  0  0  0  0  0
   2   3.178932461465426       15.20058454351469       0  2  0  0  0  0  0  0
   2   27.21575597530029      -22.69906145935600       1  0  1  0  0  0  0  0
   2   6.764539582013750      -31.42901599574846       0  1  1  0  0  0  0  0
   2  -16.80086213327475      -4.969439416257305       0  0  2  0  0  0  0  0
   2  -34.47688657373079      -8.202990712220235       1  0  0  1  0  0  0  0
   2   10.23824446984302       25.66891383124706       0  1  0  1  0  0  0  0
   2   17.97009182926170       32.78201998577187       0  0  1  1  0  0  0  0
   2  -14.36411567564890      -4.399048195708504       0  0  0  2  0  0  0  0
   2  -11.65273118638373      -16.66471938650033       1  0  0  0  1  0  0  0
   2 -0.5599719745910146      0.4788883997117548       0  1  0  0  1  0  0  0
   2  -2.312994830375855       9.612504964372125       0  0  1  0  1  0  0  0
   2 -0.8504224999055872     -0.1993059584349455       0  0  0  1  1  0  0  0
   2   3.011584728093603      -20.11042947722480       1  0  0  0  0  1  0  0
   2 -0.5884118501451039     -0.6021428684352692E-01   0  1  0  0  0  1  0  0
   2  -8.399416250624160       5.220064304678168       0  0  1  0  0  1  0  0
   2 -0.3785354043164617     -0.5362798449570230       0  0  0  1  0  1  0  0
   2   16.62241053626160       70.74195824540729       1  0  0  0  0  0  1  0
   2  -30.71315019808609       3.264023826667369       0  1  0  0  0  0  1  0
   2 -0.2440867218568102      0.3377797343216196       0  0  1  0  0  0  1  0
   2 -0.2608675487367784     -0.6711729572953340E-01   0  0  0  1  0  0  1  0
   2   16.60886311369124       70.68430287708836       1  0  0  0  0  0  0  1
   2  -27.72259276499981      -4.799039845117953       0  1  0  0  0  0  0  1
   2 -0.2094712571853234      0.3131811815930739       0  0  1  0  0  0  0  1
   2 -0.2581171091514973      0.1245320015925766E-01   0  0  0  1  0  0  0  1
   2  0.1302172938632079      0.1012038079402998       0  0  0  0  2  0  0  0
   2  0.3195669997992855E-01  0.3752178057142983       0  0  0  0  1  1  0  0
   2 -0.1407854920691281      0.1584493844593129       0  0  0  0  0  2  0  0
   2   3.278799528746130      -9.468380057529597       0  0  0  0  1  0  1  0
   2   8.929192358180586      -4.678423314639121       0  0  0  0  0  1  1  0
   2  -29.77649980066249       40.68473593237510       0  0  0  0  0  0  2  0
   2   6.044161940400030      -8.571728479885964       0  0  0  0  1  0  0  1
   2   10.31905844862972      -2.137822099178981       0  0  0  0  0  1  0  1
   2  -70.28610204557468       71.74119663055156       0  0  0  0  0  0  1  1
   2  -40.75498964137966       32.46508326979630       0  0  0  0  0  0  0  2
   -44   0.000000000000000       0.000000000000000       0  0  0  0  0  0  0  0

          1, NO =    2, NV =    8, INA =   75
 *********************************************

    I  COEFFICIENT          ORDER   EXPONENTS
      NO =     2      NV =     8
   1 -0.4662936703425657E-14 -0.4996003610813204E-15   1  0  0  0  0  0  0  0
   1 -0.9734869399424959     -0.2287426015445926       0  1  0  0  0  0  0  0
   1  0.7696141358752573E-15  0.4119471894137825E-14   0  0  1  0  0  0  0  0
   1 -0.3503961850488332E-14 -0.1398381939215175E-14   0  0  0  1  0  0  0  0
   1  0.4943094544795912E-14  0.3152859917587847E-14   0  0  0  0  1  0  0  0
   1 -0.7572067972638763E-15 -0.5983928630381996E-14   0  0  0  0  0  1  0  0
   1 -0.2399753404565990E-15  0.1798597498774950E-15   0  0  0  0  0  0  1  0
   1  0.1746898796767705E-15 -0.1173680524014762E-15   0  0  0  0  0  0  0  1
   2   3.178932461465426      -15.20058454351469       2  0  0  0  0  0  0  0
   2  -49.91042117971627      -37.79885759842698       1  1  0  0  0  0  0  0
   2   30.76071031371472      -5.807722920044961       0  2  0  0  0  0  0  0
   2   10.23824446984302      -25.66891383124706       1  0  1  0  0  0  0  0
   2  -34.47688657373079       8.202990712220235       0  1  1  0  0  0  0  0
   2  -14.36411567564890       4.399048195708504       0  0  2  0  0  0  0  0
   2   6.764539582013750       31.42901599574846       1  0  0  1  0  0  0  0
   2   27.21575597530029       22.69906145935600       0  1  0  1  0  0  0  0
   2   17.97009182926170      -32.78201998577187       0  0  1  1  0  0  0  0
   2  -16.80086213327475       4.969439416257305       0  0  0  2  0  0  0  0
   2 -0.5884118501451039      0.6021428684352692E-01   1  0  0  0  1  0  0  0
   2   3.011584728093603       20.11042947722480       0  1  0  0  1  0  0  0
   2 -0.3785354043164617      0.5362798449570230       0  0  1  0  1  0  0  0
   2  -8.399416250624160      -5.220064304678168       0  0  0  1  1  0  0  0
   2 -0.5599719745910146     -0.4788883997117548       1  0  0  0  0  1  0  0
   2  -11.65273118638373       16.66471938650033       0  1  0  0  0  1  0  0
   2 -0.8504224999055872      0.1993059584349455       0  0  1  0  0  1  0  0
   2  -2.312994830375855      -9.612504964372125       0  0  0  1  0  1  0  0
   2  -30.71315019808609      -3.264023826667369       1  0  0  0  0  0  1  0
   2   16.62241053626160      -70.74195824540729       0  1  0  0  0  0  1  0
   2 -0.2608675487367784      0.6711729572953340E-01   0  0  1  0  0  0  1  0
   2 -0.2440867218568102     -0.3377797343216196       0  0  0  1  0  0  1  0
   2  -27.72259276499981       4.799039845117953       1  0  0  0  0  0  0  1
   2   16.60886311369124      -70.68430287708836       0  1  0  0  0  0  0  1
   2 -0.2581171091514973     -0.1245320015925766E-01   0  0  1  0  0  0  0  1
   2 -0.2094712571853234     -0.3131811815930739       0  0  0  1  0  0  0  1
   2 -0.1407854920691281     -0.1584493844593129       0  0  0  0  2  0  0  0
   2  0.3195669997992855E-01 -0.3752178057142983       0  0  0  0  1  1  0  0
   2  0.1302172938632079     -0.1012038079402998       0  0  0  0  0  2  0  0
   2   8.929192358180586       4.678423314639121       0  0  0  0  1  0  1  0
   2   3.278799528746130       9.468380057529597       0  0  0  0  0  1  1  0
   2  -29.77649980066249      -40.68473593237510       0  0  0  0  0  0  2  0
   2   10.31905844862972       2.137822099178981       0  0  0  0  1  0  0  1
   2   6.044161940400030       8.571728479885964       0  0  0  0  0  1  0  1
   2  -70.28610204557468      -71.74119663055156       0  0  0  0  0  0  1  1
   2  -40.75498964137966      -32.46508326979630       0  0  0  0  0  0  0  2
   -44   0.000000000000000       0.000000000000000       0  0  0  0  0  0  0  0

          1, NO =    2, NV =    8, INA =   74
 *********************************************

    I  COEFFICIENT          ORDER   EXPONENTS
      NO =     2      NV =     8
   1 -0.3748059805228077E-14 -0.3497173728449036E-14   1  0  0  0  0  0  0  0
   1 -0.2250085426140635E-14  0.4811633337316150E-14   0  1  0  0  0  0  0  0
   1 -0.9765388284804173      0.2153413951614651       0  0  1  0  0  0  0  0
   1 -0.3330669073875470E-15 -0.3275157922644212E-14   0  0  0  1  0  0  0  0
   1  0.4289971156090644E-14  0.4436555289810684E-14   0  0  0  0  1  0  0  0
   1  0.9835882108788492E-15 -0.5921478585246831E-14   0  0  0  0  0  1  0  0
   1 -0.2738133196015719E-15  0.5825277346872014E-16   0  0  0  0  0  0  1  0
   1  0.1939290136273130E-15 -0.5258410152223792E-16   0  0  0  0  0  0  0  1
   2  -9.853253065876277      -12.70035096262118       2  0  0  0  0  0  0  0
   2  -34.36088824806984      -8.676066115805479       1  1  0  0  0  0  0  0
   2   4.942241988964074       12.90360185751196       0  2  0  0  0  0  0  0
   2  -2.003182743594881       37.33058121161426       1  0  1  0  0  0  0  0
   2   17.51783853507090       33.02590449571623       0  1  1  0  0  0  0  0
   2  -13.73863756875887      -28.69016739189906       0  0  2  0  0  0  0  0
   2   25.98464502519353      -23.50862414195973       1  0  0  1  0  0  0  0
   2  -28.60459687417502      -9.192106089145927       0  1  0  1  0  0  0  0
   2  0.7959940540079113      -63.61501286920156       0  0  1  1  0  0  0  0
   2  -4.343246881681454       12.58922084036896       0  0  0  2  0  0  0  0
   2   9.831480150643952       1.068298995465389       1  0  0  0  1  0  0  0
   2 -0.8476029144389774     -0.2109753370616578       0  1  0  0  1  0  0  0
   2  -11.79174721662926      -17.36350428001545       0  0  1  0  1  0  0  0
   2  0.2682707810157270     -0.5206657538436632E-02   0  0  0  1  1  0  0  0
   2   6.247202716885630       7.663070858967375       1  0  0  0  0  1  0  0
   2 -0.3711290222295844     -0.5414317808249443       0  1  0  0  0  1  0  0
   2   3.395419362026392      -20.71250131343330       0  0  1  0  0  1  0  0
   2  0.1485085223764395      0.2593441606162306E-01   0  0  0  1  0  1  0  0
   2  0.3662786912531013      0.1987797700268649       1  0  0  0  0  0  1  0
   2 -0.2599204490824356     -0.7069631894481096E-01   0  1  0  0  0  0  1  0
   2  -13.94470999393275      -63.23703229824195       0  0  1  0  0  0  1  0
   2  -6.657562401190601      -28.40764198227961       0  0  0  1  0  0  1  0
   2  0.3244252842068168      0.1915956549565727       1  0  0  0  0  0  0  1
   2 -0.2582638858827738      0.8904463297191120E-02   0  1  0  0  0  0  0  1
   2  -13.95438862620180      -63.28092334951937       0  0  1  0  0  0  0  1
   2   1.375918566814305      -26.51143877806067       0  0  0  1  0  0  0  1
   2 -0.1689612584622806      0.2174988934139898E-01   0  0  0  0  2  0  0  0
   2 -0.3009257497741900     -0.2484025651745746       0  0  0  0  1  1  0  0
   2 -0.1651045006280882E-01 -0.2194180725105412       0  0  0  0  0  2  0  0
   2  -4.779469204424424      -8.498441007313767       0  0  0  0  1  0  1  0
   2   2.356113348700824      -9.520256104314440       0  0  0  0  0  1  1  0
   2  -9.132131264579025      -40.99978433463325       0  0  0  0  0  0  2  0
   2  -2.363622078547795      -9.912573263311465       0  0  0  0  1  0  0  1
   2   5.072343388848164      -8.892944778699839       0  0  0  0  0  1  0  1
   2  -5.128862485647121      -83.72297168865849       0  0  0  0  0  0  1  1
   2   3.119606617968433      -43.83602213432409       0  0  0  0  0  0  0  2
   -44   0.000000000000000       0.000000000000000       0  0  0  0  0  0  0  0

          1, NO =    2, NV =    8, INA =   73
 *********************************************

    I  COEFFICIENT          ORDER   EXPONENTS
      NO =     2      NV =     8
   1 -0.2250085426140635E-14 -0.4811633337316150E-14   1  0  0  0  0  0  0  0
   1 -0.3748059805228077E-14  0.3497173728449036E-14   0  1  0  0  0  0  0  0
   1 -0.3330669073875470E-15  0.3275157922644212E-14   0  0  1  0  0  0  0  0
   1 -0.9765388284804173     -0.2153413951614651       0  0  0  1  0  0  0  0
   1  0.9835882108788492E-15  0.5921478585246831E-14   0  0  0  0  1  0  0  0
   1  0.4289971156090644E-14 -0.4436555289810684E-14   0  0  0  0  0  1  0  0
   1 -0.2738133196015719E-15 -0.5825277346872014E-16   0  0  0  0  0  0  1  0
   1  0.1939290136273130E-15  0.5258410152223792E-16   0  0  0  0  0  0  0  1
   2   4.942241988964074      -12.90360185751196       2  0  0  0  0  0  0  0
   2  -34.36088824806984       8.676066115805479       1  1  0  0  0  0  0  0
   2  -9.853253065876277       12.70035096262118       0  2  0  0  0  0  0  0
   2  -28.60459687417502       9.192106089145927       1  0  1  0  0  0  0  0
   2   25.98464502519353       23.50862414195973       0  1  1  0  0  0  0  0
   2  -4.343246881681454      -12.58922084036896       0  0  2  0  0  0  0  0
   2   17.51783853507090      -33.02590449571623       1  0  0  1  0  0  0  0
   2  -2.003182743594881      -37.33058121161426       0  1  0  1  0  0  0  0
   2  0.7959940540079113       63.61501286920156       0  0  1  1  0  0  0  0
   2  -13.73863756875887       28.69016739189906       0  0  0  2  0  0  0  0
   2 -0.3711290222295844      0.5414317808249443       1  0  0  0  1  0  0  0
   2   6.247202716885630      -7.663070858967375       0  1  0  0  1  0  0  0
   2  0.1485085223764395     -0.2593441606162306E-01   0  0  1  0  1  0  0  0
   2   3.395419362026392       20.71250131343330       0  0  0  1  1  0  0  0
   2 -0.8476029144389774      0.2109753370616578       1  0  0  0  0  1  0  0
   2   9.831480150643952      -1.068298995465389       0  1  0  0  0  1  0  0
   2  0.2682707810157270      0.5206657538436632E-02   0  0  1  0  0  1  0  0
   2  -11.79174721662926       17.36350428001545       0  0  0  1  0  1  0  0
   2 -0.2599204490824356      0.7069631894481096E-01   1  0  0  0  0  0  1  0
   2  0.3662786912531013     -0.1987797700268649       0  1  0  0  0  0  1  0
   2  -6.657562401190601       28.40764198227961       0  0  1  0  0  0  1  0
   2  -13.94470999393275       63.23703229824195       0  0  0  1  0  0  1  0
   2 -0.2582638858827738     -0.8904463297191120E-02   1  0  0  0  0  0  0  1
   2  0.3244252842068168     -0.1915956549565727       0  1  0  0  0  0  0  1
   2   1.375918566814305       26.51143877806067       0  0  1  0  0  0  0  1
   2  -13.95438862620180       63.28092334951937       0  0  0  1  0  0  0  1
   2 -0.1651045006280882E-01  0.2194180725105412       0  0  0  0  2  0  0  0
   2 -0.3009257497741900      0.2484025651745746       0  0  0  0  1  1  0  0
   2 -0.1689612584622806     -0.2174988934139898E-01   0  0  0  0  0  2  0  0
   2   2.356113348700824       9.520256104314440       0  0  0  0  1  0  1  0
   2  -4.779469204424424       8.498441007313767       0  0  0  0  0  1  1  0
   2  -9.132131264579025       40.99978433463325       0  0  0  0  0  0  2  0
   2   5.072343388848164       8.892944778699839       0  0  0  0  1  0  0  1
   2  -2.363622078547795       9.912573263311465       0  0  0  0  0  1  0  1
   2  -5.128862485647121       83.72297168865849       0  0  0  0  0  0  1  1
   2   3.119606617968433       43.83602213432409       0  0  0  0  0  0  0  2
   -44   0.000000000000000       0.000000000000000       0  0  0  0  0  0  0  0

          1, NO =    2, NV =    8, INA =   72
 *********************************************

    I  COEFFICIENT          ORDER   EXPONENTS
      NO =     2      NV =     8
   1 -0.2912790451545246E-14 -0.1910754540701554E-13   1  0  0  0  0  0  0  0
   1 -0.1828097677576690E-13  0.8016916124009565E-14   0  1  0  0  0  0  0  0
   1 -0.6404449995507655E-14  0.1326122913737626E-13   0  0  1  0  0  0  0  0
   1  0.5308104758690313E-14 -0.1399436664641096E-13   0  0  0  1  0  0  0  0
   1  0.9982064291410355      0.5986589030076375E-01   0  0  0  0  1  0  0  0
   1 -0.2275957200481571E-14  0.1526556658859590E-14   0  0  0  0  0  1  0  0
   1 -0.2156194479167545E-18  0.5530793616090623E-18   0  0  0  0  0  0  1  0
   1  0.1391651769942737E-18 -0.3782525886456616E-18   0  0  0  0  0  0  0  1
   2 -0.3166263015428825     -0.1883440020221157       2  0  0  0  0  0  0  0
   2  -8.649110101799991       18.40358418296903       1  1  0  0  0  0  0  0
   2  0.2732340780261220      0.1131667134719381       0  2  0  0  0  0  0  0
   2 -0.8041432171852874      0.3410204974301139       1  0  1  0  0  0  0  0
   2   9.543163737968616      -2.593702096676703       0  1  1  0  0  0  0  0
   2  0.1328901052869798     -0.1842010380237102E-01   0  0  2  0  0  0  0  0
   2  -3.913947378945335      -9.079163655867861       1  0  0  1  0  0  0  0
   2  0.2089510231588754      0.6222737294386840       0  1  0  1  0  0  0  0
   2  -8.929179662181514       18.99490283900516       0  0  1  1  0  0  0  0
   2 -0.6787940791807934E-01 -0.3277544461042492E-01   0  0  0  2  0  0  0  0
   2 -0.3231592177774298E-01 -0.3751870381533405       1  0  0  0  1  0  0  0
   2  0.7692552779327808E-01 -0.3686354507804031       0  1  0  0  1  0  0  0
   2 -0.2583445648888489      0.2924349962894493       0  0  1  0  1  0  0  0
   2  0.2215418267399172      0.3212154421364656       0  0  0  1  1  0  0  0
   2  0.2222211477442349     -0.2437473670543454       1  0  0  0  0  1  0  0
   2  0.3605849210206035     -0.2229025876541669       0  1  0  0  0  1  0  0
   2 -0.3405663993454699      0.9918962996516248E-02   0  0  1  0  0  1  0  0
   2 -0.8822239374859257E-01  0.4311430751653135       0  0  0  1  0  1  0  0
   2   4.841175970506985       8.772899320420152       1  0  0  0  0  0  1  0
   2  -9.895473906471265       1.922944889178290       0  1  0  0  0  0  1  0
   2  -3.390627766976113       9.141688507970350       0  0  1  0  0  0  1  0
   2  -4.869330778477565       8.513293379976275       0  0  0  1  0  0  1  0
   2   7.413781435771057       7.419047615253691       1  0  0  0  0  0  0  1
   2  -10.49886675463086     -0.9094214988754690       0  1  0  0  0  0  0  1
   2 -0.7832435068553738       10.16033206346174       0  0  1  0  0  0  0  1
   2  -7.310543575920569       7.167223096575905       0  0  0  1  0  0  0  1
   2  0.2808522830722829E-01  0.8392818345120745E-01   0  0  0  0  2  0  0  0
   2 -0.7582953019777830E-01  0.1599398713765242       0  0  0  0  1  1  0  0
   2 -0.8259028760347092E-01  0.3131564077653432E-01   0  0  0  0  0  2  0  0
   2  0.5622803639534274E-03 -0.9375486964166164E-02   0  0  0  0  1  0  1  0
   2  0.6855836234494731E-02 -0.6422738936593559E-02   0  0  0  0  0  1  1  0
   2  -7.880208858405638       16.84606113895885       0  0  0  0  0  0  2  0
   2  0.5346229881205027E-03 -0.8914326690533898E-02   0  0  0  0  1  0  0  1
   2  0.6802193900984327E-02 -0.5805590623651559E-02   0  0  0  0  0  1  0  1
   2  -15.26626069917201       32.74418405080748       0  0  0  0  0  0  1  1
   2  -7.841579125832521       16.86430173290604       0  0  0  0  0  0  0  2
   -44   0.000000000000000       0.000000000000000       0  0  0  0  0  0  0  0

          1, NO =    2, NV =    8, INA =   34
 *********************************************

    I  COEFFICIENT          ORDER   EXPONENTS
      NO =     2      NV =     8
   1 -0.1828097677576690E-13 -0.8016916124009565E-14   1  0  0  0  0  0  0  0
   1 -0.2912790451545246E-14  0.1910754540701554E-13   0  1  0  0  0  0  0  0
   1  0.5308104758690313E-14  0.1399436664641096E-13   0  0  1  0  0  0  0  0
   1 -0.6404449995507655E-14 -0.1326122913737626E-13   0  0  0  1  0  0  0  0
   1 -0.2275957200481571E-14 -0.1526556658859590E-14   0  0  0  0  1  0  0  0
   1  0.9982064291410355     -0.5986589030076375E-01   0  0  0  0  0  1  0  0
   1 -0.2156194479167545E-18 -0.5530793616090623E-18   0  0  0  0  0  0  1  0
   1  0.1391651769942737E-18  0.3782525886456616E-18   0  0  0  0  0  0  0  1
   2  0.2732340780261220     -0.1131667134719381       2  0  0  0  0  0  0  0
   2  -8.649110101799991      -18.40358418296903       1  1  0  0  0  0  0  0
   2 -0.3166263015428825      0.1883440020221157       0  2  0  0  0  0  0  0
   2  0.2089510231588754     -0.6222737294386840       1  0  1  0  0  0  0  0
   2  -3.913947378945335       9.079163655867861       0  1  1  0  0  0  0  0
   2 -0.6787940791807934E-01  0.3277544461042492E-01   0  0  2  0  0  0  0  0
   2   9.543163737968616       2.593702096676703       1  0  0  1  0  0  0  0
   2 -0.8041432171852874     -0.3410204974301139       0  1  0  1  0  0  0  0
   2  -8.929179662181514      -18.99490283900516       0  0  1  1  0  0  0  0
   2  0.1328901052869798      0.1842010380237102E-01   0  0  0  2  0  0  0  0
   2  0.3605849210206035      0.2229025876541669       1  0  0  0  1  0  0  0
   2  0.2222211477442349      0.2437473670543454       0  1  0  0  1  0  0  0
   2 -0.8822239374859257E-01 -0.4311430751653135       0  0  1  0  1  0  0  0
   2 -0.3405663993454699     -0.9918962996516248E-02   0  0  0  1  1  0  0  0
   2  0.7692552779327808E-01  0.3686354507804031       1  0  0  0  0  1  0  0
   2 -0.3231592177774298E-01  0.3751870381533405       0  1  0  0  0  1  0  0
   2  0.2215418267399172     -0.3212154421364656       0  0  1  0  0  1  0  0
   2 -0.2583445648888489     -0.2924349962894493       0  0  0  1  0  1  0  0
   2  -9.895473906471265      -1.922944889178290       1  0  0  0  0  0  1  0
   2   4.841175970506985      -8.772899320420152       0  1  0  0  0  0  1  0
   2  -4.869330778477565      -8.513293379976275       0  0  1  0  0  0  1  0
   2  -3.390627766976113      -9.141688507970350       0  0  0  1  0  0  1  0
   2  -10.49886675463086      0.9094214988754690       1  0  0  0  0  0  0  1
   2   7.413781435771057      -7.419047615253691       0  1  0  0  0  0  0  1
   2  -7.310543575920569      -7.167223096575905       0  0  1  0  0  0  0  1
   2 -0.7832435068553738      -10.16033206346174       0  0  0  1  0  0  0  1
   2 -0.8259028760347092E-01 -0.3131564077653432E-01   0  0  0  0  2  0  0  0
   2 -0.7582953019777830E-01 -0.1599398713765242       0  0  0  0  1  1  0  0
   2  0.2808522830722829E-01 -0.8392818345120745E-01   0  0  0  0  0  2  0  0
   2  0.6855836234494731E-02  0.6422738936593559E-02   0  0  0  0  1  0  1  0
   2  0.5622803639534274E-03  0.9375486964166164E-02   0  0  0  0  0  1  1  0
   2  -7.880208858405638      -16.84606113895885       0  0  0  0  0  0  2  0
   2  0.6802193900984327E-02  0.5805590623651559E-02   0  0  0  0  1  0  0  1
   2  0.5346229881205027E-03  0.8914326690533898E-02   0  0  0  0  0  1  0  1
   2  -15.26626069917201      -32.74418405080748       0  0  0  0  0  0  1  1
   2  -7.841579125832521      -16.86430173290604       0  0  0  0  0  0  0  2
   -44   0.000000000000000       0.000000000000000       0  0  0  0  0  0  0  0
  No Spin Matrix 
  Quaternion  
  c_quaternion 

          1, NO =    2, NV =    8, INA =   24
 *********************************************

    I  COEFFICIENT          ORDER   EXPONENTS
      NO =     2      NV =     8
   0  0.7524909527944081       0.000000000000000       0  0  0  0  0  0  0  0
   1  -75.51389584922163       53.46540762614543       1  0  0  0  0  0  0  0
   1  -75.51389584922163      -53.46540762614543       0  1  0  0  0  0  0  0
   1   98.28188242853749       22.45469889585823       0  0  1  0  0  0  0  0
   1   98.28188242853749      -22.45469889585823       0  0  0  1  0  0  0  0
   1   48.55898000147322      -19.37420801049975       0  0  0  0  1  0  0  0
   1   48.55898000147322       19.37420801049975       0  0  0  0  0  1  0  0
   1  0.9864023417342871       0.000000000000000       0  0  0  0  0  0  1  0
   1   1.032770856280596       0.000000000000000       0  0  0  0  0  0  0  1
   2  -411.5437985319350       8046.614858116057       2  0  0  0  0  0  0  0
   2   23003.86080253368       0.000000000000000       1  1  0  0  0  0  0  0
   2  -411.5437985319350      -8046.614858116057       0  2  0  0  0  0  0  0
   2   19479.12939941665      -10345.91661026716       1  0  1  0  0  0  0  0
   2  -3738.233956284062      -4571.290199828270       0  1  1  0  0  0  0  0
   2  -8860.724172475384      -1827.330652952513       0  0  2  0  0  0  0  0
   2  -3738.233956284062       4571.290199828270       1  0  0  1  0  0  0  0
   2   19479.12939941665       10345.91661026716       0  1  0  1  0  0  0  0
   2   21423.23989948336       0.000000000000000       0  0  1  1  0  0  0  0
   2  -8860.724172475384       1827.330652952513       0  0  0  2  0  0  0  0
   2   2654.716224907988      -7342.139795384221       1  0  0  0  1  0  0  0
   2   7085.796181138341       3533.469041507040       0  1  0  0  1  0  0  0
   2  -7965.747552125918       3072.284688179545       0  0  1  0  1  0  0  0
   2  -7991.167590225615       3312.568683904508       0  0  0  1  1  0  0  0
   2   7085.796181138341      -3533.469041507040       1  0  0  0  0  1  0  0
   2   2654.716224907988       7342.139795384221       0  1  0  0  0  1  0  0
   2  -7991.167590225615      -3312.568683904508       0  0  1  0  0  1  0  0
   2  -7965.747552125918      -3072.284688179545       0  0  0  1  0  1  0  0
   2   13202.47581081710      -14775.72892702258       1  0  0  0  0  0  1  0
   2   13202.47581081710       14775.72892702258       0  1  0  0  0  0  1  0
   2   18967.11249783939       205.6493841035094       0  0  1  0  0  0  1  0
   2   18967.11249783939      -205.6493841035094       0  0  0  1  0  0  1  0
   2   8939.719754695727      -17425.81787903301       1  0  0  0  0  0  0  1
   2   8939.719754695727       17425.81787903301       0  1  0  0  0  0  0  1
   2   18191.52773884505      -4559.350302631095       0  0  1  0  0  0  0  1
   2   18191.52773884505       4559.350302631095       0  0  0  1  0  0  0  1
   2  -1595.612684015050       1505.992195722997       0  0  0  0  2  0  0  0
   2  -4387.765529381204       0.000000000000000       0  0  0  0  1  1  0  0
   2  -1595.612684015050      -1505.992195722997       0  0  0  0  0  2  0  0
   2  -103.0746542956155       41.04485946027006       0  0  0  0  1  0  1  0
   2  -103.0746542956155      -41.04485946027006       0  0  0  0  0  1  1  0
   2   36288.54315643066       0.000000000000000       0  0  0  0  0  0  2  0
   2  -112.1788075223537       45.04347226716077       0  0  0  0  1  0  0  1
   2  -112.1788075223537      -45.04347226716077       0  0  0  0  0  1  0  1
   2   68555.70616268454       0.000000000000000       0  0  0  0  0  0  1  1
   2   33758.15811551348       0.000000000000000       0  0  0  0  0  0  0  2
   -45   0.000000000000000       0.000000000000000       0  0  0  0  0  0  0  0

          1, NO =    2, NV =    8, INA =   23
 *********************************************

    I  COEFFICIENT          ORDER   EXPONENTS
      NO =     2      NV =     8
   0 -0.1950387170112685E-02   0.000000000000000       0  0  0  0  0  0  0  0
   1  -3.501626198413499      -4.033006290594270       1  0  0  0  0  0  0  0
   1  -3.501626198413499       4.033006290594270       0  1  0  0  0  0  0  0
   1  0.8834492710226661      -5.071386701063089       0  0  1  0  0  0  0  0
   1  0.8834492710226661       5.071386701063089       0  0  0  1  0  0  0  0
   1  0.3218297505574894E-01 -0.1241139007625811E-01   0  0  0  0  1  0  0  0
   1  0.3218297505574894E-01  0.1241139007625811E-01   0  0  0  0  0  1  0  0
   1  -19.49973587832852       0.000000000000000       0  0  0  0  0  0  1  0
   1   3.357233181355074       0.000000000000000       0  0  0  0  0  0  0  1
   2   713.1003549842678      -67.54601488261824       2  0  0  0  0  0  0  0
   2   277.0896977754419       0.000000000000000       1  1  0  0  0  0  0  0
   2   713.1003549842678       67.54601488261824       0  2  0  0  0  0  0  0
   2  -104.7919639498369      -31.10981230662338       1  0  1  0  0  0  0  0
   2  -1063.620194679203       813.7962140326135       0  1  1  0  0  0  0  0
   2   79.67462228399252      -733.9843948484541       0  0  2  0  0  0  0  0
   2  -1063.620194679203      -813.7962140326135       1  0  0  1  0  0  0  0
   2  -104.7919639498369       31.10981230662338       0  1  0  1  0  0  0  0
   2  -105.3908608158588       0.000000000000000       0  0  1  1  0  0  0  0
   2   79.67462228399252       733.9843948484541       0  0  0  2  0  0  0  0
   2  -373.5211746965796      -89.80091283973738       1  0  0  0  1  0  0  0
   2  -209.5682268912194       322.0344434841683       0  1  0  0  1  0  0  0
   2  -118.4764003161920      -338.6997053765090       0  0  1  0  1  0  0  0
   2   146.7269269204272       327.7714931862441       0  0  0  1  1  0  0  0
   2  -209.5682268912194      -322.0344434841683       1  0  0  0  0  1  0  0
   2  -373.5211746965796       89.80091283973738       0  1  0  0  0  1  0  0
   2   146.7269269204272      -327.7714931862441       0  0  1  0  0  1  0  0
   2  -118.4764003161920       338.6997053765090       0  0  0  1  0  1  0  0
   2  -484.4885103723628       731.0999883464308       1  0  0  0  0  0  1  0
   2  -484.4885103723628      -731.0999883464308       0  1  0  0  0  0  1  0
   2   969.7384265089879      -125.7929096266104       0  0  1  0  0  0  1  0
   2   969.7384265089879       125.7929096266104       0  0  0  1  0  0  1  0
   2   636.1637208438199      -1572.200693572719       1  0  0  0  0  0  0  1
   2   636.1637208438199       1572.200693572719       0  1  0  0  0  0  0  1
   2  -1720.921913468779       541.7693593120491       0  0  1  0  0  0  0  1
   2  -1720.921913468779      -541.7693593120491       0  0  0  1  0  0  0  1
   2   4.833240229025507      -4.543149058068106       0  0  0  0  2  0  0  0
   2   13.26685679883568       0.000000000000000       0  0  0  0  1  1  0  0
   2   4.833240229025507       4.543149058068106       0  0  0  0  0  2  0  0
   2   417.1035935236275      -165.2232024071539       0  0  0  0  1  0  1  0
   2   417.1035935236275       165.2232024071539       0  0  0  0  0  1  1  0
   2   29.58799272960246       0.000000000000000       0  0  0  0  0  0  2  0
   2  -698.9219494825733       275.5342067086791       0  0  0  0  1  0  0  1
   2  -698.9219494825733      -275.5342067086791       0  0  0  0  0  1  0  1
   2   33.02086908899342       0.000000000000000       0  0  0  0  0  0  1  1
   2   7.134033037642496       0.000000000000000       0  0  0  0  0  0  0  2
   -45   0.000000000000000       0.000000000000000       0  0  0  0  0  0  0  0

          1, NO =    2, NV =    8, INA =   22
 *********************************************

    I  COEFFICIENT          ORDER   EXPONENTS
      NO =     2      NV =     8
   0 -0.6585995721390803       0.000000000000000       0  0  0  0  0  0  0  0
   1  -86.26687879878901       61.10174487687770       1  0  0  0  0  0  0  0
   1  -86.26687879878901      -61.10174487687770       0  1  0  0  0  0  0  0
   1   112.2904954270353       25.67382133670039       0  0  1  0  0  0  0  0
   1   112.2904954270353      -25.67382133670039       0  0  0  1  0  0  0  0
   1   55.48162977936285      -22.13622901580086       0  0  0  0  1  0  0  0
   1   55.48162977936285       22.13622901580086       0  0  0  0  0  1  0  0
   1   1.187289998117073       0.000000000000000       0  0  0  0  0  0  1  0
   1   1.157918707996705       0.000000000000000       0  0  0  0  0  0  0  1
   2   4497.173616881946      -4899.947537237436       2  0  0  0  0  0  0  0
   2   56330.43797134230       0.000000000000000       1  1  0  0  0  0  0  0
   2   4497.173616881946       4899.947537237436       0  2  0  0  0  0  0  0
   2  -7987.788414040464       683.2464058403602       1  0  1  0  0  0  0  0
   2  -25987.87301136235      -29502.96576257792       0  1  1  0  0  0  0  0
   2   5862.481441623802       5635.585795440156       0  0  2  0  0  0  0  0
   2  -25987.87301136235       29502.96576257792       1  0  0  1  0  0  0  0
   2  -7987.788414040464      -683.2464058403602       0  1  0  1  0  0  0  0
   2   60129.77830902803       0.000000000000000       0  0  1  1  0  0  0  0
   2   5862.481441623802      -5635.585795440156       0  0  0  2  0  0  0  0
   2  -6173.425387438378       5822.142235213609       1  0  0  0  1  0  0  0
   2  -8364.641119096912       66.99003476424332       0  1  0  0  1  0  0  0
   2   9128.664552969427       665.0901817583062       0  0  1  0  1  0  0  0
   2   6051.254544573390      -6700.694160331110       0  0  0  1  1  0  0  0
   2  -8364.641119096912      -66.99003476424332       1  0  0  0  0  1  0  0
   2  -6173.425387438378      -5822.142235213609       0  1  0  0  0  1  0  0
   2   6051.254544573390       6700.694160331110       0  0  1  0  0  1  0  0
   2   9128.664552969427      -665.0901817583062       0  0  0  1  0  1  0  0
   2   14941.04947561434      -16551.30695273207       1  0  0  0  0  0  1  0
   2   14941.04947561434       16551.30695273207       0  1  0  0  0  0  1  0
   2   21992.68403322610       494.6529972491309       0  0  1  0  0  0  1  0
   2   21992.68403322610      -494.6529972491309       0  0  0  1  0  0  1  0
   2   9824.672602633440      -19844.03407850376       1  0  0  0  0  0  0  1
   2   9824.672602633440       19844.03407850376       0  1  0  0  0  0  0  1
   2   21147.77459186388      -5297.129850727010       0  0  1  0  0  0  0  1
   2   21147.77459186388       5297.129850727010       0  0  0  1  0  0  0  1
   2   1647.008727518790      -1572.575211689109       0  0  0  0  2  0  0  0
   2   4554.809622841077       0.000000000000000       0  0  0  0  1  1  0  0
   2   1647.008727518790       1572.575211689109       0  0  0  0  0  2  0  0
   2   54.17212915390274      -21.72159421091229       0  0  0  0  1  0  1  0
   2   54.17212915390274       21.72159421091229       0  0  0  0  0  1  1  0
   2   41765.05320512358       0.000000000000000       0  0  0  0  0  0  2  0
   2   44.00110939598387      -17.21352858231588       0  0  0  0  1  0  0  1
   2   44.00110939598387       17.21352858231588       0  0  0  0  0  1  0  1
   2   78111.91537058351       0.000000000000000       0  0  0  0  0  0  1  1
   2   38874.65685479996       0.000000000000000       0  0  0  0  0  0  0  2
   -45   0.000000000000000       0.000000000000000       0  0  0  0  0  0  0  0

          1, NO =    2, NV =    8, INA =   21
 *********************************************

    I  COEFFICIENT          ORDER   EXPONENTS
      NO =     2      NV =     8
   0  0.4068546244723260E-03   0.000000000000000       0  0  0  0  0  0  0  0
   1   3.353638494445525       3.641553783825879       1  0  0  0  0  0  0  0
   1   3.353638494445525      -3.641553783825879       0  1  0  0  0  0  0  0
   1 -0.7874907098057786E-01   4.716213109629970       0  0  1  0  0  0  0  0
   1 -0.7874907098057786E-01  -4.716213109629970       0  0  0  1  0  0  0  0
   1  0.1161975135429029     -0.4650343386995807E-01   0  0  0  0  1  0  0  0
   1  0.1161975135429029      0.4650343386995807E-01   0  0  0  0  0  1  0  0
   1   4.074703880005187       0.000000000000000       0  0  0  0  0  0  1  0
   1  -19.65826365821180       0.000000000000000       0  0  0  0  0  0  0  1
   2  -628.2026735476647      -335.4183140724511       2  0  0  0  0  0  0  0
   2   529.5030134622767       0.000000000000000       1  1  0  0  0  0  0  0
   2  -628.2026735476647       335.4183140724511       0  2  0  0  0  0  0  0
   2   51.93217187450642       61.52162382493066       1  0  1  0  0  0  0  0
   2   920.5328430107179      -872.1909622478971       0  1  1  0  0  0  0  0
   2  -435.4704249142237       609.8984987739260       0  0  2  0  0  0  0  0
   2   920.5328430107179       872.1909622478971       1  0  0  1  0  0  0  0
   2   51.93217187450642      -61.52162382493066       0  1  0  1  0  0  0  0
   2  -354.3880593449895       0.000000000000000       0  0  1  1  0  0  0  0
   2  -435.4704249142237      -609.8984987739260       0  0  0  2  0  0  0  0
   2   252.1566603097622       252.6694218804410       1  0  0  0  1  0  0  0
   2   9.619048986650796      -356.9044725213071       0  1  0  0  1  0  0  0
   2  -25.69465886740295       350.5330185247244       0  0  1  0  1  0  0  0
   2  -260.1041730130203      -236.9550400655941       0  0  0  1  1  0  0  0
   2   9.619048986650796       356.9044725213071       1  0  0  0  0  1  0  0
   2   252.1566603097622      -252.6694218804410       0  1  0  0  0  1  0  0
   2  -260.1041730130203       236.9550400655941       0  0  1  0  0  1  0  0
   2  -25.69465886740295      -350.5330185247244       0  0  0  1  0  1  0  0
   2  -1363.470028916949       1425.286771066226       1  0  0  0  0  0  1  0
   2  -1363.470028916949      -1425.286771066226       0  1  0  0  0  0  1  0
   2   2369.765642315807       108.3791495834490       0  0  1  0  0  0  1  0
   2   2369.765642315807      -108.3791495834490       0  0  0  1  0  0  1  0
   2   660.6075906175241      -1008.851785583112       1  0  0  0  0  0  0  1
   2   660.6075906175241       1008.851785583112       0  1  0  0  0  0  0  1
   2  -1084.297813185026       144.2577971807496       0  0  1  0  0  0  0  1
   2  -1084.297813185026      -144.2577971807496       0  0  0  1  0  0  0  1
   2  0.1548204044310845     -0.1952152009863039       0  0  0  0  2  0  0  0
   2  0.4942257843488903       0.000000000000000       0  0  0  0  1  1  0  0
   2  0.1548204044310845      0.1952152009863039       0  0  0  0  0  2  0  0
   2   1073.141917950392      -426.7148717173316       0  0  0  0  1  0  1  0
   2   1073.141917950392       426.7148717173316       0  0  0  0  0  1  1  0
   2   222.8926889455936       0.000000000000000       0  0  0  0  0  0  2  0
   2  -461.6873846052053       182.7009443665868       0  0  0  0  1  0  0  1
   2  -461.6873846052053      -182.7009443665868       0  0  0  0  0  1  0  1
   2   400.7482692982578       0.000000000000000       0  0  0  0  0  0  1  1
   2   183.9792074174060       0.000000000000000       0  0  0  0  0  0  0  2
   -45   0.000000000000000       0.000000000000000       0  0  0  0  0  0  0  0
 No Stochastic Radiation 
