           6  Dimensional TPSA/DA map

          1, NO =    2, NV =    8, INA =  631
 *********************************************

    I  COEFFICIENT          ORDER   EXPONENTS
      NO =     2      NV =     8
   1 -0.9751005835219423       0.000000000000000       1  0  0  0  0  0  0  0
   1 -0.2217630537649476       0.000000000000000       0  1  0  0  0  0  0  0
   1  0.7241873782453214E-15   0.000000000000000       0  0  1  0  0  0  0  0
   1 -0.1199917845561903E-15   0.000000000000000       0  0  0  1  0  0  0  0
   1 -0.1960237527853792E-14   0.000000000000000       0  0  0  0  1  0  0  0
   1  0.8469787371456761E-14   0.000000000000000       0  0  0  0  0  1  0  0
   1 -0.2488251582297459E-27   0.000000000000000       0  0  0  0  0  0  1  0
   1 -0.2563682522121414E-28   0.000000000000000       0  0  0  0  0  0  0  1
   2   26.30631341282286       0.000000000000000       2  0  0  0  0  0  0  0
   2  -76.00110329517618       0.000000000000000       1  1  0  0  0  0  0  0
   2  -33.07347230517002       0.000000000000000       0  2  0  0  0  0  0  0
   2 -0.7249654973134583E-09   0.000000000000000       1  0  1  0  0  0  0  0
   2  0.6532042462636143E-09   0.000000000000000       0  1  1  0  0  0  0  0
   2  -54.93264676315805       0.000000000000000       0  0  2  0  0  0  0  0
   2  0.6680642422567686E-10   0.000000000000000       1  0  0  1  0  0  0  0
   2 -0.2364758474286932E-10   0.000000000000000       0  1  0  1  0  0  0  0
   2   18.35688631129073       0.000000000000000       0  0  1  1  0  0  0  0
   2  -14.52953991819290       0.000000000000000       0  0  0  2  0  0  0  0
   2   9.898505475697053       0.000000000000000       1  0  0  0  1  0  0  0
   2  -42.44789064737343       0.000000000000000       0  1  0  0  1  0  0  0
   2 -0.4890812333301628E-10   0.000000000000000       0  0  1  0  1  0  0  0
   2  0.6026057413685360E-10   0.000000000000000       0  0  0  1  1  0  0  0
   2   2.336472870964326       0.000000000000000       1  0  0  0  0  1  0  0
   2  -9.047484486907761       0.000000000000000       0  1  0  0  0  1  0  0
   2 -0.1158499859327786E-10   0.000000000000000       0  0  1  0  0  1  0  0
   2  0.1264144728238155E-10   0.000000000000000       0  0  0  1  0  1  0  0
   2 -0.8911591911611200E-10   0.000000000000000       1  0  0  0  0  0  1  0
   2 -0.5451873767729686E-09   0.000000000000000       0  1  0  0  0  0  1  0
   2   38.27426799979440       0.000000000000000       0  0  1  0  0  0  1  0
   2  -59.36560853624398       0.000000000000000       0  0  0  1  0  0  1  0
   2 -0.4509497180568556E-10   0.000000000000000       1  0  0  0  0  0  0  1
   2 -0.5889241990463286E-09   0.000000000000000       0  1  0  0  0  0  0  1
   2   46.43051144728520       0.000000000000000       0  0  1  0  0  0  0  1
   2  -61.49106569621963       0.000000000000000       0  0  0  1  0  0  0  1
   2 -0.4126993831651671E-01   0.000000000000000       0  0  0  0  2  0  0  0
   2  0.7795307951413766E-01   0.000000000000000       0  0  0  0  1  1  0  0
   2  0.1867371137990373E-01   0.000000000000000       0  0  0  0  0  2  0  0
   2 -0.6494046328906102E-10   0.000000000000000       0  0  0  0  1  0  1  0
   2 -0.1370679552155458E-10   0.000000000000000       0  0  0  0  0  1  1  0
   2  -60.78492695173296       0.000000000000000       0  0  0  0  0  0  2  0
   2 -0.7411482407723765E-10   0.000000000000000       0  0  0  0  1  0  0  1
   2 -0.1560744724639033E-10   0.000000000000000       0  0  0  0  0  1  0  1
   2  -140.5912004607249       0.000000000000000       0  0  0  0  0  0  1  1
   2  -80.54593512794858       0.000000000000000       0  0  0  0  0  0  0  2
   -44   0.000000000000000       0.000000000000000       0  0  0  0  0  0  0  0

          1, NO =    2, NV =    8, INA =  632
 *********************************************

    I  COEFFICIENT          ORDER   EXPONENTS
      NO =     2      NV =     8
   1  0.2217630537649476       0.000000000000000       1  0  0  0  0  0  0  0
   1 -0.9751005835219427       0.000000000000000       0  1  0  0  0  0  0  0
   1  0.6439691640609780E-15   0.000000000000000       0  0  1  0  0  0  0  0
   1 -0.1089716217368515E-15   0.000000000000000       0  0  0  1  0  0  0  0
   1 -0.2470246229790973E-14   0.000000000000000       0  0  0  0  1  0  0  0
   1  0.1117508863224259E-13   0.000000000000000       0  0  0  0  0  1  0  0
   1 -0.4410512976865824E-27   0.000000000000000       0  0  0  0  0  0  1  0
   1 -0.7247128077045145E-27   0.000000000000000       0  0  0  0  0  0  0  1
   2   85.30948448690845       0.000000000000000       2  0  0  0  0  0  0  0
   2   3.475146343933576       0.000000000000000       1  1  0  0  0  0  0  0
   2   45.91748235218990       0.000000000000000       0  2  0  0  0  0  0  0
   2 -0.5873561663472117E-09   0.000000000000000       1  0  1  0  0  0  0  0
   2  0.3983026332123618E-09   0.000000000000000       0  1  1  0  0  0  0  0
   2  -15.82868465074836       0.000000000000000       0  0  2  0  0  0  0  0
   2  0.3861211038199893E-10   0.000000000000000       1  0  0  1  0  0  0  0
   2 -0.3909176280030524E-10   0.000000000000000       0  1  0  1  0  0  0  0
   2   10.37669349476535       0.000000000000000       0  0  1  1  0  0  0  0
   2   22.03964121815268       0.000000000000000       0  0  0  2  0  0  0  0
   2   39.91519911777394       0.000000000000000       1  0  0  0  1  0  0  0
   2   8.832988087627825       0.000000000000000       0  1  0  0  1  0  0  0
   2 -0.5116428571096925E-10   0.000000000000000       0  0  1  0  1  0  0  0
   2 -0.4078609790228651E-10   0.000000000000000       0  0  0  1  1  0  0  0
   2   8.771147029389642       0.000000000000000       1  0  0  0  0  1  0  0
   2   1.715944085544994       0.000000000000000       0  1  0  0  0  1  0  0
   2 -0.1219457674469540E-10   0.000000000000000       0  0  1  0  0  1  0  0
   2 -0.8396383899632796E-11   0.000000000000000       0  0  0  1  0  1  0  0
   2  0.4032942206872864E-09   0.000000000000000       1  0  0  0  0  0  1  0
   2  0.3298881120512576E-09   0.000000000000000       0  1  0  0  0  0  1  0
   2   14.07055397269409       0.000000000000000       0  0  1  0  0  0  1  0
   2   77.84451104766129       0.000000000000000       0  0  0  1  0  0  1  0
   2  0.3594507035156953E-09   0.000000000000000       1  0  0  0  0  0  0  1
   2  0.2859104376812894E-09   0.000000000000000       0  1  0  0  0  0  0  1
   2   11.91988875793834       0.000000000000000       0  0  1  0  0  0  0  1
   2   69.69006926015541       0.000000000000000       0  0  0  1  0  0  0  1
   2  0.7234342197019108       0.000000000000000       0  0  0  0  2  0  0  0
   2  0.3532756804203974       0.000000000000000       0  0  0  0  1  1  0  0
   2  0.4279737584388866E-01   0.000000000000000       0  0  0  0  0  2  0  0
   2  0.3062199994007336E-10   0.000000000000000       0  0  0  0  1  0  1  0
   2  0.6873311926921810E-11   0.000000000000000       0  0  0  0  0  1  1  0
   2   69.51601508741409       0.000000000000000       0  0  0  0  0  0  2  0
   2  0.1213833419619490E-10   0.000000000000000       0  0  0  0  1  0  0  1
   2  0.2916370257519212E-11   0.000000000000000       0  0  0  0  0  1  0  1
   2   118.9540595780931       0.000000000000000       0  0  0  0  0  0  1  1
   2   52.19165441482146       0.000000000000000       0  0  0  0  0  0  0  2
   -44   0.000000000000000       0.000000000000000       0  0  0  0  0  0  0  0

          1, NO =    2, NV =    8, INA =  633
 *********************************************

    I  COEFFICIENT          ORDER   EXPONENTS
      NO =     2      NV =     8
   1  0.3326784085109488E-15   0.000000000000000       1  0  0  0  0  0  0  0
   1  0.8561467207740965E-16   0.000000000000000       0  1  0  0  0  0  0  0
   1 -0.9750590297199913       0.000000000000000       0  0  1  0  0  0  0  0
   1 -0.2219456883147355       0.000000000000000       0  0  0  1  0  0  0  0
   1  0.6803262239720831E-15   0.000000000000000       0  0  0  0  1  0  0  0
   1 -0.2638030435024089E-14   0.000000000000000       0  0  0  0  0  1  0  0
   1 -0.1144312255651959E-16   0.000000000000000       0  0  0  0  0  0  1  0
   1  0.1127427815681459E-15   0.000000000000000       0  0  0  0  0  0  0  1
   2 -0.7538980082904911E-10   0.000000000000000       2  0  0  0  0  0  0  0
   2  0.2970382730110447E-09   0.000000000000000       1  1  0  0  0  0  0  0
   2 -0.8442084721597575E-11   0.000000000000000       0  2  0  0  0  0  0  0
   2  -26.09407331361460       0.000000000000000       1  0  1  0  0  0  0  0
   2   37.42842039326023       0.000000000000000       0  1  1  0  0  0  0  0
   2  0.2844931069615328E-09   0.000000000000000       0  0  2  0  0  0  0  0
   2  -32.47699139655553       0.000000000000000       1  0  0  1  0  0  0  0
   2  -40.62221622678729       0.000000000000000       0  1  0  1  0  0  0  0
   2 -0.7553745456316475E-10   0.000000000000000       0  0  1  1  0  0  0  0
   2  0.2475540966707251E-09   0.000000000000000       0  0  0  2  0  0  0  0
   2  0.3622367028553624E-10   0.000000000000000       1  0  0  0  1  0  0  0
   2  0.1303352064236596E-09   0.000000000000000       0  1  0  0  1  0  0  0
   2   2.460053020098451       0.000000000000000       0  0  1  0  1  0  0  0
   2  -14.05540209627001       0.000000000000000       0  0  0  1  1  0  0  0
   2  0.6989837194698034E-11   0.000000000000000       1  0  0  0  0  1  0  0
   2  0.2767192177993769E-10   0.000000000000000       0  1  0  0  0  1  0  0
   2  0.4138945249425356       0.000000000000000       0  0  1  0  0  1  0  0
   2  -2.971609819639912       0.000000000000000       0  0  0  1  0  1  0  0
   2  -56.24732970272016       0.000000000000000       1  0  0  0  0  0  1  0
   2  -80.86689962817363       0.000000000000000       0  1  0  0  0  0  1  0
   2 -0.7828916471560313E-10   0.000000000000000       0  0  1  0  0  0  1  0
   2  0.6920891602035998E-09   0.000000000000000       0  0  0  1  0  0  1  0
   2  -48.09865299575522       0.000000000000000       1  0  0  0  0  0  0  1
   2  -82.99551473365992       0.000000000000000       0  1  0  0  0  0  0  1
   2 -0.1381451787898142E-09   0.000000000000000       0  0  1  0  0  0  0  1
   2  0.6754438119712776E-09   0.000000000000000       0  0  0  1  0  0  0  1
   2  0.2022357319064990E-11   0.000000000000000       0  0  0  0  2  0  0  0
   2  0.5600870656699813E-12   0.000000000000000       0  0  0  0  1  1  0  0
   2  0.2763454413022667E-13   0.000000000000000       0  0  0  0  0  2  0  0
   2  -27.44889579315394       0.000000000000000       0  0  0  0  1  0  1  0
   2  -5.789345717373427       0.000000000000000       0  0  0  0  0  1  1  0
   2  0.4215228397954625E-09   0.000000000000000       0  0  0  0  0  0  2  0
   2  -27.49679143290383       0.000000000000000       0  0  0  0  1  0  0  1
   2  -5.783016250138640       0.000000000000000       0  0  0  0  0  1  0  1
   2  0.8681556029583347E-09   0.000000000000000       0  0  0  0  0  0  1  1
   2  0.4566332896672203E-09   0.000000000000000       0  0  0  0  0  0  0  2
   -44   0.000000000000000       0.000000000000000       0  0  0  0  0  0  0  0

          1, NO =    2, NV =    8, INA =  634
 *********************************************

    I  COEFFICIENT          ORDER   EXPONENTS
      NO =     2      NV =     8
   1  0.1763351869565883E-14   0.000000000000000       1  0  0  0  0  0  0  0
   1 -0.9311208088866817E-15   0.000000000000000       0  1  0  0  0  0  0  0
   1  0.2219456883147323       0.000000000000000       0  0  1  0  0  0  0  0
   1 -0.9750590297199900       0.000000000000000       0  0  0  1  0  0  0  0
   1  0.1248134856189227E-14   0.000000000000000       0  0  0  0  1  0  0  0
   1 -0.4522209373073744E-14   0.000000000000000       0  0  0  0  0  1  0  0
   1 -0.1929838097633294E-15   0.000000000000000       0  0  0  0  0  0  1  0
   1 -0.2529354871037285E-15   0.000000000000000       0  0  0  0  0  0  0  1
   2 -0.5567828999641986E-09   0.000000000000000       2  0  0  0  0  0  0  0
   2  0.7580841612780660E-09   0.000000000000000       1  1  0  0  0  0  0  0
   2 -0.3671852006196773E-09   0.000000000000000       0  2  0  0  0  0  0  0
   2  -50.70638156698062       0.000000000000000       1  0  1  0  0  0  0  0
   2   94.15040280741079       0.000000000000000       0  1  1  0  0  0  0  0
   2  0.4309460968267710E-09   0.000000000000000       0  0  2  0  0  0  0  0
   2   21.94464807307777       0.000000000000000       1  0  0  1  0  0  0  0
   2  -6.751096471533389       0.000000000000000       0  1  0  1  0  0  0  0
   2 -0.3110712148719405E-09   0.000000000000000       0  0  1  1  0  0  0  0
   2 -0.6066956321917464E-10   0.000000000000000       0  0  0  2  0  0  0  0
   2 -0.1142977079037375E-09   0.000000000000000       1  0  0  0  1  0  0  0
   2  0.5108314073312560E-10   0.000000000000000       0  1  0  0  1  0  0  0
   2   15.04587736064960       0.000000000000000       0  0  1  0  1  0  0  0
   2   4.164062344240338       0.000000000000000       0  0  0  1  1  0  0  0
   2 -0.2689296020428296E-10   0.000000000000000       1  0  0  0  0  1  0  0
   2  0.1248098310391884E-10   0.000000000000000       0  1  0  0  0  1  0  0
   2   2.953801712401389       0.000000000000000       0  0  1  0  0  1  0  0
   2  0.9348643716389717       0.000000000000000       0  0  0  1  0  1  0  0
   2   35.57925745090726       0.000000000000000       1  0  0  0  0  0  1  0
   2  -16.66860348766749       0.000000000000000       0  1  0  0  0  0  1  0
   2 -0.2568731583666286E-09   0.000000000000000       0  0  1  0  0  0  1  0
   2 -0.1624381695675490E-09   0.000000000000000       0  0  0  1  0  0  1  0
   2   33.42869523019082       0.000000000000000       1  0  0  0  0  0  0  1
   2  -24.82981080266068       0.000000000000000       0  1  0  0  0  0  0  1
   2 -0.2733799837016771E-09   0.000000000000000       0  0  1  0  0  0  0  1
   2 -0.1026370523886894E-09   0.000000000000000       0  0  0  1  0  0  0  1
   2 -0.2803052972514073E-11   0.000000000000000       0  0  0  0  2  0  0  0
   2 -0.1591028928598367E-11   0.000000000000000       0  0  0  0  1  1  0  0
   2 -0.2138683742079024E-12   0.000000000000000       0  0  0  0  0  2  0  0
   2 -0.3516737750770900       0.000000000000000       0  0  0  0  1  0  1  0
   2  0.1118469988193804E-01   0.000000000000000       0  0  0  0  0  1  1  0
   2 -0.1237373432961315E-09   0.000000000000000       0  0  0  0  0  0  2  0
   2  -8.231544947989667       0.000000000000000       0  0  0  0  1  0  0  1
   2  -1.657782968615455       0.000000000000000       0  0  0  0  0  1  0  1
   2 -0.1184513748093546E-09   0.000000000000000       0  0  0  0  0  0  1  1
   2 -0.3867751754279243E-11   0.000000000000000       0  0  0  0  0  0  0  2
   -44   0.000000000000000       0.000000000000000       0  0  0  0  0  0  0  0

          1, NO =    2, NV =    8, INA =  635
 *********************************************

    I  COEFFICIENT          ORDER   EXPONENTS
      NO =     2      NV =     8
   1  0.1436329354065347E-13   0.000000000000000       1  0  0  0  0  0  0  0
   1 -0.1511421196531693E-13   0.000000000000000       0  1  0  0  0  0  0  0
   1  0.1199906142932113E-14   0.000000000000000       0  0  1  0  0  0  0  0
   1 -0.2132274804087942E-15   0.000000000000000       0  0  0  1  0  0  0  0
   1  0.9982064010403603       0.000000000000000       0  0  0  0  1  0  0  0
   1 -0.5986635885081845E-01   0.000000000000000       0  0  0  0  0  1  0  0
   1 -0.2699507133923639E-31   0.000000000000000       0  0  0  0  0  0  1  0
   1 -0.1105458455750015E-30   0.000000000000000       0  0  0  0  0  0  0  1
   2   5.758058477067094       0.000000000000000       2  0  0  0  0  0  0  0
   2 -0.3804944839074184       0.000000000000000       1  1  0  0  0  0  0  0
   2   5.890714331190700       0.000000000000000       0  2  0  0  0  0  0  0
   2 -0.1116693386619342E-10   0.000000000000000       1  0  1  0  0  0  0  0
   2  0.5750635173756739E-11   0.000000000000000       0  1  1  0  0  0  0  0
   2   1.938813005722847       0.000000000000000       0  0  2  0  0  0  0  0
   2 -0.9512687630612529E-12   0.000000000000000       1  0  0  1  0  0  0  0
   2 -0.1211045581000902E-10   0.000000000000000       0  1  0  1  0  0  0  0
   2  0.3078744813808392       0.000000000000000       0  0  1  1  0  0  0  0
   2   1.987601255200609       0.000000000000000       0  0  0  2  0  0  0  0
   2  0.4444837486770061       0.000000000000000       1  0  0  0  1  0  0  0
   2  0.2635438108894943E-01   0.000000000000000       0  1  0  0  1  0  0  0
   2 -0.1015423219227951E-11   0.000000000000000       0  0  1  0  1  0  0  0
   2 -0.5671750288778595E-12   0.000000000000000       0  0  0  1  1  0  0  0
   2  0.1132388549426045       0.000000000000000       1  0  0  0  0  1  0  0
   2 -0.1726489502764219E-01   0.000000000000000       0  1  0  0  0  1  0  0
   2 -0.2810620753861415E-12   0.000000000000000       0  0  1  0  0  1  0  0
   2 -0.7784974107909362E-13   0.000000000000000       0  0  0  1  0  1  0  0
   2  0.1183540324896108E-10   0.000000000000000       1  0  0  0  0  0  1  0
   2  0.3329072606034432E-10   0.000000000000000       0  1  0  0  0  0  1  0
   2  -1.656973522194112       0.000000000000000       0  0  1  0  0  0  1  0
   2   7.234915071402692       0.000000000000000       0  0  0  1  0  0  1  0
   2  0.2246581116382321E-11   0.000000000000000       1  0  0  0  0  0  0  1
   2  0.3669322839230738E-10   0.000000000000000       0  1  0  0  0  0  0  1
   2  -3.740604395738013       0.000000000000000       0  0  1  0  0  0  0  1
   2   6.757094086853003       0.000000000000000       0  0  0  1  0  0  0  1
   2  0.6441997002000949E-01   0.000000000000000       0  0  0  0  2  0  0  0
   2  0.2811999976465696E-01   0.000000000000000       0  0  0  0  1  1  0  0
   2  0.3102920339883750E-02   0.000000000000000       0  0  0  0  0  2  0  0
   2  0.1123717816043938E-13   0.000000000000000       0  0  0  0  1  0  1  0
   2  0.1893379382190067E-13   0.000000000000000       0  0  0  0  0  1  1  0
   2   6.964121132132441       0.000000000000000       0  0  0  0  0  0  2  0
   2  0.1085319829466182E-13   0.000000000000000       0  0  0  0  1  0  0  1
   2  0.1528987352574706E-13   0.000000000000000       0  0  0  0  0  1  0  1
   2   13.46557478909993       0.000000000000000       0  0  0  0  0  0  1  1
   2   6.905804538603986       0.000000000000000       0  0  0  0  0  0  0  2
   -44   0.000000000000000       0.000000000000000       0  0  0  0  0  0  0  0

          1, NO =    2, NV =    8, INA =  636
 *********************************************

    I  COEFFICIENT          ORDER   EXPONENTS
      NO =     2      NV =     8
   1  0.3743208000506204E-14   0.000000000000000       1  0  0  0  0  0  0  0
   1 -0.4006452287985685E-14   0.000000000000000       0  1  0  0  0  0  0  0
   1  0.3855046618605071E-16   0.000000000000000       0  0  1  0  0  0  0  0
   1 -0.4513791329591565E-16   0.000000000000000       0  0  0  1  0  0  0  0
   1  0.5986635885082006E-01   0.000000000000000       0  0  0  0  1  0  0  0
   1  0.9982064010403565       0.000000000000000       0  0  0  0  0  1  0  0
   1 -0.3388218735649614E-32   0.000000000000000       0  0  0  0  0  0  1  0
   1 -0.4403975708038197E-32   0.000000000000000       0  0  0  0  0  0  0  1
   2  -20.24983446352228       0.000000000000000       2  0  0  0  0  0  0  0
   2  0.7789403045596129       0.000000000000000       1  1  0  0  0  0  0  0
   2  -21.36055332403606       0.000000000000000       0  2  0  0  0  0  0  0
   2  0.3353796849075060E-10   0.000000000000000       1  0  1  0  0  0  0  0
   2 -0.1625941446057980E-10   0.000000000000000       0  1  1  0  0  0  0  0
   2  -7.505700912902132       0.000000000000000       0  0  2  0  0  0  0  0
   2  0.4265812400909287E-11   0.000000000000000       1  0  0  1  0  0  0  0
   2  0.4418680507095947E-10   0.000000000000000       0  1  0  1  0  0  0  0
   2 -0.9238964718389404       0.000000000000000       0  0  1  1  0  0  0  0
   2  -7.208459842824054       0.000000000000000       0  0  0  2  0  0  0  0
   2  -1.368382670575243       0.000000000000000       1  0  0  0  1  0  0  0
   2 -0.4004872180089128       0.000000000000000       0  1  0  0  1  0  0  0
   2  0.2764206304221471E-11   0.000000000000000       0  0  1  0  1  0  0  0
   2  0.2527079816888668E-11   0.000000000000000       0  0  0  1  1  0  0  0
   2 -0.3556250859437854       0.000000000000000       1  0  0  0  0  1  0  0
   2 -0.3371033071981727E-02   0.000000000000000       0  1  0  0  0  1  0  0
   2  0.8145596226218005E-12   0.000000000000000       0  0  1  0  0  1  0  0
   2  0.3814779722235779E-12   0.000000000000000       0  0  0  1  0  1  0  0
   2 -0.4158026188885387E-10   0.000000000000000       1  0  0  0  0  0  1  0
   2 -0.1216827119398391E-09   0.000000000000000       0  1  0  0  0  0  1  0
   2   6.347254217270269       0.000000000000000       0  0  1  0  0  0  1  0
   2  -26.30028536343214       0.000000000000000       0  0  0  1  0  0  1  0
   2 -0.6861959625105897E-11   0.000000000000000       1  0  0  0  0  0  0  1
   2 -0.1343158697478768E-09   0.000000000000000       0  1  0  0  0  0  0  1
   2   13.93008515226842       0.000000000000000       0  0  1  0  0  0  0  1
   2  -24.62368125529439       0.000000000000000       0  0  0  1  0  0  0  1
   2 -0.2301533260473940       0.000000000000000       0  0  0  0  2  0  0  0
   2 -0.9954707517553027E-01   0.000000000000000       0  0  0  0  1  1  0  0
   2 -0.1088879100031803E-01   0.000000000000000       0  0  0  0  0  2  0  0
   2  0.1753121873404789E-13   0.000000000000000       0  0  0  0  1  0  1  0
   2 -0.5609583015393398E-13   0.000000000000000       0  0  0  0  0  1  1  0
   2  -25.36648004166236       0.000000000000000       0  0  0  0  0  0  2  0
   2  0.1392700925960493E-13   0.000000000000000       0  0  0  0  1  0  0  1
   2 -0.4408789539470547E-13   0.000000000000000       0  0  0  0  0  1  0  1
   2  -49.29362240757531       0.000000000000000       0  0  0  0  0  0  1  1
   2  -25.38268210634968       0.000000000000000       0  0  0  0  0  0  0  2
   -44   0.000000000000000       0.000000000000000       0  0  0  0  0  0  0  0
  No Spin Matrix
  Quaternion
  c_quaternion

          1, NO =    2, NV =    8, INA =  646
 *********************************************

    I  COEFFICIENT          ORDER   EXPONENTS
      NO =     2      NV =     8
   0  0.7524416291310704       0.000000000000000       0  0  0  0  0  0  0  0
   1  -146.9707648869962       0.000000000000000       1  0  0  0  0  0  0  0
   1  -125.7370296340884       0.000000000000000       0  1  0  0  0  0  0  0
   1  0.2013343026704089E-09   0.000000000000000       0  0  1  0  0  0  0  0
   1  0.4649333818765822E-09   0.000000000000000       0  0  0  1  0  0  0  0
   1  -72.31952178107542       0.000000000000000       0  0  0  0  1  0  0  0
   1  -15.41659804030001       0.000000000000000       0  0  0  0  0  1  0  0
   2   14344.18174569569       0.000000000000000       2  0  0  0  0  0  0  0
   2  -39033.76125281366       0.000000000000000       1  1  0  0  0  0  0  0
   2   13765.21584372540       0.000000000000000       0  2  0  0  0  0  0  0
   2 -0.5872723198456644E-07   0.000000000000000       1  0  1  0  0  0  0  0
   2  0.1073846594870093E-06   0.000000000000000       0  1  1  0  0  0  0  0
   2   5655.345031215536       0.000000000000000       0  0  2  0  0  0  0  0
   2  0.1263553330781616E-06   0.000000000000000       1  0  0  1  0  0  0  0
   2  0.5782285360458506E-07   0.000000000000000       0  1  0  1  0  0  0  0
   2   3202.536683622180       0.000000000000000       0  0  1  1  0  0  0  0
   2   10709.66766169154       0.000000000000000       0  0  0  2  0  0  0  0
   2  -13689.49913270138       0.000000000000000       1  0  0  0  1  0  0  0
   2  -18187.82871432123       0.000000000000000       0  1  0  0  1  0  0  0
   2  0.1131190913782567E-07   0.000000000000000       0  0  1  0  1  0  0  0
   2  0.5853107034952597E-07   0.000000000000000       0  0  0  1  1  0  0  0
   2  -2802.591331846430       0.000000000000000       1  0  0  0  0  1  0  0
   2  -3992.322456555200       0.000000000000000       0  1  0  0  0  1  0  0
   2  0.2028007807674662E-08   0.000000000000000       0  0  1  0  0  1  0  0
   2  0.1267344222580227E-07   0.000000000000000       0  0  0  1  0  1  0  0
   2  0.7640806804316042E-07   0.000000000000000       1  0  0  0  0  0  1  0
   2  0.1679246617723427E-06   0.000000000000000       0  1  0  0  0  0  1  0
   2  -5384.731625887260       0.000000000000000       0  0  1  0  0  0  1  0
   2   38443.01116917095       0.000000000000000       0  0  0  1  0  0  1  0
   2  0.3106352412606632E-07   0.000000000000000       1  0  0  0  0  0  0  1
   2  0.1797258600460574E-06   0.000000000000000       0  1  0  0  0  0  0  1
   2  -14758.57439836193       0.000000000000000       0  0  1  0  0  0  0  1
   2   35419.00955629256       0.000000000000000       0  0  0  1  0  0  0  1
   2  -4199.428168883691       0.000000000000000       0  0  0  0  2  0  0  0
   2  -1778.434675389247       0.000000000000000       0  0  0  0  1  1  0  0
   2  -188.0819329149000       0.000000000000000       0  0  0  0  0  2  0  0
   2 -0.2679003520671955E-10   0.000000000000000       0  0  0  0  1  0  1  0
   2  0.8611683124579646E-10   0.000000000000000       0  0  0  0  0  1  1  0
   2   36297.33847506190       0.000000000000000       0  0  0  0  0  0  2  0
   2 -0.2180324007801804E-10   0.000000000000000       0  0  0  0  1  0  0  1
   2  0.6896411642190046E-10   0.000000000000000       0  0  0  0  0  1  0  1
   2   68567.80834847596       0.000000000000000       0  0  0  0  0  0  1  1
   2   33761.80525993969       0.000000000000000       0  0  0  0  0  0  0  2
   -43   0.000000000000000       0.000000000000000       0  0  0  0  0  0  0  0

          1, NO =    2, NV =    8, INA =  647
 *********************************************

    I  COEFFICIENT          ORDER   EXPONENTS
      NO =     2      NV =     8
   1 -0.4200207148168478E-10   0.000000000000000       1  0  0  0  0  0  0  0
   1  0.2692672884900452E-10   0.000000000000000       0  1  0  0  0  0  0  0
   1  -10.48674387784839       0.000000000000000       0  0  1  0  0  0  0  0
   1  0.3903724960567367E-01   0.000000000000000       0  0  0  1  0  0  0  0
   1  0.3053219874626189E-14   0.000000000000000       0  0  0  0  1  0  0  0
   1 -0.1101557657332942E-13   0.000000000000000       0  0  0  0  0  1  0  0
   1  -19.50593978679054       0.000000000000000       0  0  0  0  0  0  1  0
   1   3.352269885116234       0.000000000000000       0  0  0  0  0  0  0  1
   2  0.8513258179039564E-08   0.000000000000000       2  0  0  0  0  0  0  0
   2  0.6027420125910506E-08   0.000000000000000       1  1  0  0  0  0  0  0
   2 -0.3960247650180806E-08   0.000000000000000       0  2  0  0  0  0  0  0
   2   1847.603377002620       0.000000000000000       1  0  1  0  0  0  0  0
   2   2046.661193160421       0.000000000000000       0  1  1  0  0  0  0  0
   2 -0.1996004173346765E-08   0.000000000000000       0  0  2  0  0  0  0  0
   2   429.6613961591662       0.000000000000000       1  0  0  1  0  0  0  0
   2   315.2643222032744       0.000000000000000       0  1  0  1  0  0  0  0
   2 -0.7590184008757177E-08   0.000000000000000       0  0  1  1  0  0  0  0
   2 -0.1236066223064476E-08   0.000000000000000       0  0  0  2  0  0  0  0
   2  0.4530231146400308E-08   0.000000000000000       1  0  0  0  1  0  0  0
   2 -0.1814565296968740E-08   0.000000000000000       0  1  0  0  1  0  0  0
   2   1008.242801602368       0.000000000000000       0  0  1  0  1  0  0  0
   2   189.5171255289775       0.000000000000000       0  0  0  1  1  0  0  0
   2  0.9656604445375558E-09   0.000000000000000       1  0  0  0  0  1  0  0
   2 -0.3811267188345570E-09   0.000000000000000       0  1  0  0  0  1  0  0
   2   214.0651781907537       0.000000000000000       0  0  1  0  0  1  0  0
   2   40.49534615168306       0.000000000000000       0  0  0  1  0  1  0  0
   2  -893.3104377858540       0.000000000000000       1  0  0  0  0  0  1  0
   2  -1626.948660154449       0.000000000000000       0  1  0  0  0  0  1  0
   2  0.2332562527078556E-09   0.000000000000000       0  0  1  0  0  0  1  0
   2  0.4856334624175728E-08   0.000000000000000       0  0  0  1  0  0  1  0
   2   1080.638941785223       0.000000000000000       1  0  0  0  0  0  0  1
   2   3328.862394784167       0.000000000000000       0  1  0  0  0  0  0  1
   2  0.1280125097357059E-08   0.000000000000000       0  0  1  0  0  0  0  1
   2 -0.9077272684868422E-08   0.000000000000000       0  0  0  1  0  0  0  1
   2 -0.4361921413631965E-12   0.000000000000000       0  0  0  0  2  0  0  0
   2  0.1427912037625198E-11   0.000000000000000       0  0  0  0  1  1  0  0
   2  0.3234864907621761E-12   0.000000000000000       0  0  0  0  0  2  0  0
   2  -621.0447438337081       0.000000000000000       0  0  0  0  1  0  1  0
   2  -130.7878162306471       0.000000000000000       0  0  0  0  0  1  1  0
   2   1039.674500787307       0.000000000000000       0  0  0  0  1  0  0  1
   2   217.1654089864293       0.000000000000000       0  0  0  0  0  1  0  1
   -41   0.000000000000000       0.000000000000000       0  0  0  0  0  0  0  0

          1, NO =    2, NV =    8, INA =  648
 *********************************************

    I  COEFFICIENT          ORDER   EXPONENTS
      NO =     2      NV =     8
   0 -0.6586589365905400       0.000000000000000       0  0  0  0  0  0  0  0
   1  -167.8970945701419       0.000000000000000       1  0  0  0  0  0  0  0
   1  -143.6400087573548       0.000000000000000       0  1  0  0  0  0  0  0
   1  0.2300011467019188E-09   0.000000000000000       0  0  1  0  0  0  0  0
   1  0.5311325966478325E-09   0.000000000000000       0  0  0  1  0  0  0  0
   1  -82.61668636671141       0.000000000000000       0  0  0  0  1  0  0  0
   1  -17.61167958207402       0.000000000000000       0  0  0  0  0  1  0  0
   2   54182.94286615164       0.000000000000000       2  0  0  0  0  0  0  0
   2   20079.86214323851       0.000000000000000       1  1  0  0  0  0  0  0
   2   43389.14454153682       0.000000000000000       0  2  0  0  0  0  0  0
   2 -0.1693795193630075E-06   0.000000000000000       1  0  1  0  0  0  0  0
   2  0.3334142997678271E-07   0.000000000000000       0  1  1  0  0  0  0  0
   2   6614.375421772704       0.000000000000000       0  0  2  0  0  0  0  0
   2 -0.9473921362004755E-07   0.000000000000000       1  0  0  1  0  0  0  0
   2 -0.1385529747700268E-06   0.000000000000000       0  1  0  1  0  0  0  0
   2   3669.762699940293       0.000000000000000       0  0  1  1  0  0  0  0
   2   12235.05717440851       0.000000000000000       0  0  0  2  0  0  0  0
   2   21558.05868286416       0.000000000000000       1  0  0  0  1  0  0  0
   2   11045.20645544676       0.000000000000000       0  1  0  0  1  0  0  0
   2 -0.3803310842978760E-07   0.000000000000000       0  0  1  0  1  0  0  0
   2 -0.5080469096847101E-07   0.000000000000000       0  0  0  1  1  0  0  0
   2   4727.716391224573       0.000000000000000       1  0  0  0  0  1  0  0
   2   2222.985766204132       0.000000000000000       0  1  0  0  0  1  0  0
   2 -0.8545252192914770E-08   0.000000000000000       0  0  1  0  0  1  0  0
   2 -0.1060608587117275E-07   0.000000000000000       0  0  0  1  0  1  0  0
   2  0.8878252042854925E-07   0.000000000000000       1  0  0  0  0  0  1  0
   2  0.1909055117507744E-06   0.000000000000000       0  1  0  0  0  0  1  0
   2  -5781.466767076156       0.000000000000000       0  0  1  0  0  0  1  0
   2   43920.54475716238       0.000000000000000       0  0  0  1  0  0  1  0
   2  0.3405725793830473E-07   0.000000000000000       1  0  0  0  0  0  0  1
   2  0.2060894428106859E-06   0.000000000000000       0  1  0  0  0  0  0  1
   2  -17200.69616617687       0.000000000000000       0  0  1  0  0  0  0  1
   2   40438.09220351466       0.000000000000000       0  0  0  1  0  0  0  1
   2   4354.287653730958       0.000000000000000       0  0  0  0  2  0  0  0
   2   1870.120108157668       0.000000000000000       0  0  0  0  1  1  0  0
   2   201.0155682266440       0.000000000000000       0  0  0  0  0  2  0  0
   2 -0.3071609104529680E-10   0.000000000000000       0  0  0  0  1  0  1  0
   2  0.9877962977977706E-10   0.000000000000000       0  0  0  0  0  1  1  0
   2   41766.88696124431       0.000000000000000       0  0  0  0  0  0  2  0
   2 -0.2478980475297079E-10   0.000000000000000       0  0  0  0  1  0  0  1
   2  0.7836518780268391E-10   0.000000000000000       0  0  0  0  0  1  0  1
   2   78110.12725973816       0.000000000000000       0  0  0  0  0  0  1  1
   2   38871.07288247677       0.000000000000000       0  0  0  0  0  0  0  2
   -43   0.000000000000000       0.000000000000000       0  0  0  0  0  0  0  0

          1, NO =    2, NV =    8, INA =  649
 *********************************************

    I  COEFFICIENT          ORDER   EXPONENTS
      NO =     2      NV =     8
   1  0.4070858536724686E-10   0.000000000000000       1  0  0  0  0  0  0  0
   1 -0.2131454029938018E-10   0.000000000000000       0  1  0  0  0  0  0  0
   1   9.624401732002241       0.000000000000000       0  0  1  0  0  0  0  0
   1  0.8114220251171983       0.000000000000000       0  0  0  1  0  0  0  0
   1 -0.3427454938605639E-14   0.000000000000000       0  0  0  0  1  0  0  0
   1  0.1213339906114436E-13   0.000000000000000       0  0  0  0  0  1  0  0
   1   4.065467208145856       0.000000000000000       0  0  0  0  0  0  1  0
   1  -19.66585467348718       0.000000000000000       0  0  0  0  0  0  0  1
   2 -0.6168108878290713E-08   0.000000000000000       2  0  0  0  0  0  0  0
   2  0.1393505757232714E-08   0.000000000000000       1  1  0  0  0  0  0  0
   2  0.7683275312900438E-08   0.000000000000000       0  2  0  0  0  0  0  0
   2  -1887.350207521644       0.000000000000000       1  0  1  0  0  0  0  0
   2  -1867.003478332090       0.000000000000000       0  1  1  0  0  0  0  0
   2  0.2295790180977317E-08   0.000000000000000       0  0  2  0  0  0  0  0
   2   552.6156842498289       0.000000000000000       1  0  0  1  0  0  0  0
   2   727.3909876963030       0.000000000000000       0  1  0  1  0  0  0  0
   2  0.6099664762087463E-08   0.000000000000000       0  0  1  1  0  0  0  0
   2 -0.2347407359571812E-08   0.000000000000000       0  0  0  2  0  0  0  0
   2 -0.3023348749566478E-08   0.000000000000000       1  0  0  0  1  0  0  0
   2  0.3550185849805953E-08   0.000000000000000       0  1  0  0  1  0  0  0
   2  -936.6596975014654       0.000000000000000       0  0  1  0  1  0  0  0
   2   289.0117109360309       0.000000000000000       0  0  0  1  1  0  0  0
   2 -0.6445175559201013E-09   0.000000000000000       1  0  0  0  0  1  0  0
   2  0.7534248200845888E-09   0.000000000000000       0  1  0  0  0  1  0  0
   2  -199.1946016115319       0.000000000000000       0  0  1  0  0  1  0  0
   2   61.13050196639539       0.000000000000000       0  0  0  1  0  1  0  0
   2  -2729.139588777280       0.000000000000000       1  0  0  0  0  0  1  0
   2  -3387.684280729247       0.000000000000000       0  1  0  0  0  0  1  0
   2  0.2529823490160313E-08   0.000000000000000       0  0  1  0  0  0  1  0
   2  0.1111137955312499E-07   0.000000000000000       0  0  0  1  0  0  1  0
   2   1095.945515348559       0.000000000000000       1  0  0  0  0  0  0  1
   2   2018.471800613262       0.000000000000000       0  1  0  0  0  0  0  1
   2 -0.2604132886306613E-09   0.000000000000000       0  0  1  0  0  0  0  1
   2 -0.6010802178101452E-08   0.000000000000000       0  0  0  1  0  0  0  1
   2  0.6197915669479810E-13   0.000000000000000       0  0  0  0  2  0  0  0
   2 -0.2884930140070869E-12   0.000000000000000       0  0  0  0  1  1  0  0
   2 -0.6500084376907397E-13   0.000000000000000       0  0  0  0  0  2  0  0
   2  -1598.513684547606       0.000000000000000       0  0  0  0  1  0  1  0
   2  -338.8107987617686       0.000000000000000       0  0  0  0  0  1  1  0
   2   686.5309087200758       0.000000000000000       0  0  0  0  1  0  0  1
   2   144.3289312435959       0.000000000000000       0  0  0  0  0  1  0  1
   -41   0.000000000000000       0.000000000000000       0  0  0  0  0  0  0  0
 No Stochastic Radiation